0	0	1.0113
0.0100	0	1.0788
0.0200	0	1.0546
0.0300	0	1.0109
0.0400	0	1.0419
0.0500	0	1.0870
0.0600	0	1.0565
0.0700	0	1.1128
0.0800	0	1.0946
0.0900	0	1.0733
0.1000	0	1.1082
0.1100	0	1.0732
0.1200	0	1.0965
0.1300	0	1.0752
0.1400	0	1.1215
0.1500	0	1.1449
0.1600	0	1.1120
0.1700	0	1.1894
0.1800	0	1.1629
0.1900	0	1.1868
0.2000	0	1.1512
0.2100	0	1.1991
0.2200	0	1.1721
0.2300	0	1.1676
0.2400	0	1.1674
0.2500	0	1.1617
0.2600	0	1.1423
0.2700	0	1.1458
0.2800	0	1.2033
0.2900	0	1.2028
0.3000	0	1.2925
0.3100	0	1.2387
0.3200	0	1.2269
0.3300	0	1.2495
0.3400	0	1.2675
0.3500	0	1.2712
0.3600	0	1.2443
0.3700	0	1.2042
0.3800	0	1.2488
0.3900	0	1.2527
0.4000	0	1.2578
0.4100	0	1.2551
0.4200	0	1.3044
0.4300	0	1.3258
0.4400	0	1.2889
0.4500	0	1.2860
0.4600	0	1.2613
0.4700	0	1.2614
0.4800	0	1.2560
0.4900	0	1.2390
0.5000	0	1.2679
0.5100	0	1.3168
0.5200	0	1.2623
0.5300	0	1.2949
0.5400	0	1.2558
0.5500	0	1.2738
0.5600	0	1.2660
0.5700	0	1.2696
0.5800	0	1.2680
0.5900	0	1.2885
0.6000	0	1.3164
0.6100	0	1.3191
0.6200	0	1.3005
0.6300	0	1.2409
0.6400	0	1.3119
0.6500	0	1.3080
0.6600	0	1.2875
0.6700	0	1.2758
0.6800	0	1.2636
0.6900	0	1.2638
0.7000	0	1.3219
0.7100	0	1.2921
0.7200	0	1.2388
0.7300	0	1.2495
0.7400	0	1.2689
0.7500	0	1.2302
0.7600	0	1.1952
0.7700	0	1.1759
0.7800	0	1.2353
0.7900	0	1.2432
0.8000	0	1.2072
0.8100	0	1.2109
0.8200	0	1.2964
0.8300	0	1.2747
0.8400	0	1.1979
0.8500	0	1.2104
0.8600	0	1.2554
0.8700	0	1.2228
0.8800	0	1.1909
0.8900	0	1.2344
0.9000	0	1.2690
0.9100	0	1.2299
0.9200	0	1.2195
0.9300	0	1.2021
0.9400	0	1.1961
0.9500	0	1.2064
0.9600	0	1.2022
0.9700	0	1.2067
0.9800	0	1.2043
0.9900	0	1.2030
1.0000	0	1.2083
1.0100	0	1.1831
1.0200	0	1.2063
1.0300	0	1.1676
1.0400	0	1.2462
1.0500	0	1.1143
1.0600	0	1.1650
1.0700	0	1.1485
1.0800	0	1.0897
1.0900	0	1.1592
1.1000	0	1.1109
1.1100	0	1.1865
1.1200	0	1.1207
1.1300	0	1.1570
1.1400	0	1.1144
1.1500	0	1.1849
1.1600	0	1.1171
1.1700	0	1.1266
1.1800	0	1.1281
1.1900	0	1.1259
1.2000	0	1.0499
1.2100	0	1.0978
1.2200	0	1.0899
1.2300	0	1.0689
1.2400	0	1.0698
1.2500	0	1.1049
1.2600	0	1.0730
1.2700	0	1.0811
1.2800	0	1.0481
1.2900	0	1.0719
1.3000	0	1.0475
1.3100	0	1.0495
1.3200	0	1.0139
1.3300	0	0.9815
1.3400	0	1.0646
1.3500	0	0.9963
1.3600	0	1.0059
1.3700	0	0.9837
1.3800	0	0.9679
1.3900	0	1.0068
1.4000	0	0.9323
1.4100	0	0.9088
1.4200	0	0.9722
1.4300	0	0.9439
1.4400	0	0.9863
1.4500	0	0.9451
1.4600	0	1.0025
1.4700	0	0.8941
1.4800	0	0.9440
1.4900	0	0.9304
1.5000	0	0.9776
1.5100	0	0.9233
1.5200	0	0.9157
1.5300	0	0.9098
1.5400	0	0.8924
1.5500	0	0.8734
1.5600	0	0.8530
1.5700	0	0.9125
1.5800	0	0.8161
1.5900	0	0.9154
1.6000	0	0.8894
1.6100	0	0.7997
1.6200	0	0.8529
1.6300	0	0.8386
1.6400	0	0.8084
1.6500	0	0.8236
1.6600	0	0.7876
1.6700	0	0.7716
1.6800	0	0.8337
1.6900	0	0.8231
1.7000	0	0.7180
1.7100	0	0.7917
1.7200	0	0.7913
1.7300	0	0.7629
1.7400	0	0.7258
1.7500	0	0.7375
1.7600	0	0.7225
1.7700	0	0.6921
1.7800	0	0.7196
1.7900	0	0.7348
1.8000	0	0.7350
1.8100	0	0.7366
1.8200	0	0.7502
1.8300	0	0.6737
1.8400	0	0.6609
1.8500	0	0.7226
1.8600	0	0.7214
1.8700	0	0.6473
1.8800	0	0.6106
1.8900	0	0.6223
1.9000	0	0.6874
1.9100	0	0.6534
1.9200	0	0.5987
1.9300	0	0.6371
1.9400	0	0.6091
1.9500	0	0.6353
1.9600	0	0.6043
1.9700	0	0.5750
1.9800	0	0.5863
1.9900	0	0.5459
2.0000	0	0.5051
2.0100	0	0.5396
2.0200	0	0.5802
2.0300	0	0.5480
2.0400	0	0.6177
2.0500	0	0.5855
2.0600	0	0.5060
2.0700	0	0.5670
2.0800	0	0.5266
2.0900	0	0.4511
2.1000	0	0.5217
2.1100	0	0.5257
2.1200	0	0.4625
2.1300	0	0.4982
2.1400	0	0.5032
2.1500	0	0.4861
2.1600	0	0.4696
2.1700	0	0.3795
2.1800	0	0.4404
2.1900	0	0.4522
2.2000	0	0.3763
2.2100	0	0.4494
2.2200	0	0.4555
2.2300	0	0.4220
2.2400	0	0.3666
2.2500	0	0.3828
2.2600	0	0.3594
2.2700	0	0.4253
2.2800	0	0.4380
2.2900	0	0.3617
2.3000	0	0.3270
2.3100	0	0.3569
2.3200	0	0.3715
2.3300	0	0.3748
2.3400	0	0.3583
2.3500	0	0.3546
2.3600	0	0.2852
2.3700	0	0.3687
2.3800	0	0.3112
2.3900	0	0.2753
2.4000	0	0.2887
2.4100	0	0.2534
2.4200	0	0.2799
2.4300	0	0.2949
2.4400	0	0.2498
2.4500	0	0.2809
2.4600	0	0.2644
2.4700	0	0.2596
2.4800	0	0.2702
2.4900	0	0.2910
2.5000	0	0.2728
2.5100	0	0.2115
2.5200	0	0.3069
2.5300	0	0.2398
2.5400	0	0.2560
2.5500	0	0.2105
2.5600	0	0.2111
2.5700	0	0.1884
2.5800	0	0.2351
2.5900	0	0.2321
2.6000	0	0.1478
2.6100	0	0.1954
2.6200	0	0.1166
2.6300	0	0.1505
2.6400	0	0.1436
2.6500	0	0.1831
2.6600	0	0.1528
2.6700	0	0.2297
2.6800	0	0.1802
2.6900	0	0.1256
2.7000	0	0.1462
2.7100	0	0.1495
2.7200	0	0.1588
2.7300	0	0.1607
2.7400	0	0.0591
2.7500	0	0.1009
2.7600	0	0.1458
2.7700	0	0.0671
2.7800	0	0.0798
2.7900	0	0.0915
2.8000	0	0.0996
2.8100	0	0.0844
2.8200	0	0.0462
2.8300	0	0.0986
2.8400	0	0.0811
2.8500	0	0.0292
2.8600	0	0.0575
2.8700	0	0.0751
2.8800	0	0.0636
2.8900	0	0.0603
2.9000	0	-0.0194
2.9100	0	0.0429
2.9200	0	0.0601
2.9300	0	0.0546
2.9400	0	-0.0240
2.9500	0	0.0427
2.9600	0	0.0476
2.9700	0	-0.0212
2.9800	0	0.0148
2.9900	0	0.0099
3.0000	0	0.0318
3.0100	0	-0.0200
3.0200	0	-0.0233
3.0300	0	-0.0375
3.0400	0	-0.0220
3.0500	0	0.0169
3.0600	0	-0.0432
3.0700	0	-0.0481
3.0800	0	-0.0084
3.0900	0	-0.0287
3.1000	0	-0.0905
3.1100	0	-0.1054
3.1200	0	-0.0757
3.1300	0	-0.0719
3.1400	0	-0.0009
3.1500	0	-0.0509
3.1600	0	-0.0543
3.1700	0	-0.0695
3.1800	0	-0.0521
3.1900	0	-0.0651
3.2000	0	-0.0483
3.2100	0	-0.0624
3.2200	0	-0.0791
3.2300	0	-0.0361
3.2400	0	-0.0808
3.2500	0	-0.0367
3.2600	0	-0.1197
3.2700	0	-0.0809
3.2800	0	-0.1159
3.2900	0	-0.1101
3.3000	0	-0.1278
3.3100	0	-0.0855
3.3200	0	-0.0742
3.3300	0	-0.0693
3.3400	0	-0.0888
3.3500	0	-0.1552
3.3600	0	-0.0825
3.3700	0	-0.0997
3.3800	0	-0.1313
3.3900	0	-0.1090
3.4000	0	-0.0994
3.4100	0	-0.1285
3.4200	0	-0.1221
3.4300	0	-0.1006
3.4400	0	-0.1561
3.4500	0	-0.1408
3.4600	0	-0.1631
3.4700	0	-0.1491
3.4800	0	-0.1383
3.4900	0	-0.1362
3.5000	0	-0.1640
3.5100	0	-0.1343
3.5200	0	-0.1846
3.5300	0	-0.0984
3.5400	0	-0.1234
3.5500	0	-0.1378
3.5600	0	-0.1729
3.5700	0	-0.1828
3.5800	0	-0.1877
3.5900	0	-0.1699
3.6000	0	-0.1542
3.6100	0	-0.1432
3.6200	0	-0.1743
3.6300	0	-0.1686
3.6400	0	-0.1538
3.6500	0	-0.1570
3.6600	0	-0.1274
3.6700	0	-0.1869
3.6800	0	-0.1800
3.6900	0	-0.1385
3.7000	0	-0.1841
3.7100	0	-0.1324
3.7200	0	-0.1063
3.7300	0	-0.1706
3.7400	0	-0.1992
3.7500	0	-0.1931
3.7600	0	-0.1479
3.7700	0	-0.1204
3.7800	0	-0.2131
3.7900	0	-0.1306
3.8000	0	-0.1671
3.8100	0	-0.1748
3.8200	0	-0.1881
3.8300	0	-0.2093
3.8400	0	-0.1937
3.8500	0	-0.1931
3.8600	0	-0.1672
3.8700	0	-0.1524
3.8800	0	-0.1743
3.8900	0	-0.2487
3.9000	0	-0.1693
3.9100	0	-0.1827
3.9200	0	-0.1927
3.9300	0	-0.1274
3.9400	0	-0.2242
3.9500	0	-0.2108
3.9600	0	-0.1892
3.9700	0	-0.2137
3.9800	0	-0.2224
3.9900	0	-0.1629
4.0000	0	-0.2133
4.0100	0	-0.1605
4.0200	0	-0.2729
4.0300	0	-0.1961
4.0400	0	-0.2098
4.0500	0	-0.1825
4.0600	0	-0.1663
4.0700	0	-0.1575
4.0800	0	-0.1767
4.0900	0	-0.1892
4.1000	0	-0.1740
4.1100	0	-0.1967
4.1200	0	-0.2400
4.1300	0	-0.2200
4.1400	0	-0.1786
4.1500	0	-0.1783
4.1600	0	-0.1953
4.1700	0	-0.2146
4.1800	0	-0.2160
4.1900	0	-0.2332
4.2000	0	-0.2244
4.2100	0	-0.1864
4.2200	0	-0.2200
4.2300	0	-0.2175
4.2400	0	-0.2644
4.2500	0	-0.1982
4.2600	0	-0.2205
4.2700	0	-0.2369
4.2800	0	-0.2349
4.2900	0	-0.1925
4.3000	0	-0.1970
4.3100	0	-0.1957
4.3200	0	-0.2089
4.3300	0	-0.1883
4.3400	0	-0.1922
4.3500	0	-0.2092
4.3600	0	-0.2210
4.3700	0	-0.2015
4.3800	0	-0.1736
4.3900	0	-0.2312
4.4000	0	-0.2174
4.4100	0	-0.1597
4.4200	0	-0.1679
4.4300	0	-0.2172
4.4400	0	-0.1988
4.4500	0	-0.2128
4.4600	0	-0.1769
4.4700	0	-0.2099
4.4800	0	-0.2134
4.4900	0	-0.1287
4.5000	0	-0.2477
4.5100	0	-0.1892
4.5200	0	-0.2034
4.5300	0	-0.1804
4.5400	0	-0.2111
4.5500	0	-0.2403
4.5600	0	-0.2037
4.5700	0	-0.2451
4.5800	0	-0.2045
4.5900	0	-0.2026
4.6000	0	-0.1699
4.6100	0	-0.2124
4.6200	0	-0.2155
4.6300	0	-0.2357
4.6400	0	-0.1611
4.6500	0	-0.1352
4.6600	0	-0.1893
4.6700	0	-0.1943
4.6800	0	-0.1782
4.6900	0	-0.1153
4.7000	0	-0.2684
4.7100	0	-0.1888
4.7200	0	-0.1462
4.7300	0	-0.2207
4.7400	0	-0.2542
4.7500	0	-0.2041
4.7600	0	-0.1927
4.7700	0	-0.1687
4.7800	0	-0.1745
4.7900	0	-0.1887
4.8000	0	-0.2260
4.8100	0	-0.1352
4.8200	0	-0.1995
4.8300	0	-0.1864
4.8400	0	-0.1664
4.8500	0	-0.1772
4.8600	0	-0.1872
4.8700	0	-0.1703
4.8800	0	-0.1234
4.8900	0	-0.1521
4.9000	0	-0.1485
4.9100	0	-0.1281
4.9200	0	-0.2042
4.9300	0	-0.1608
4.9400	0	-0.1699
4.9500	0	-0.2184
4.9600	0	-0.2082
4.9700	0	-0.1173
4.9800	0	-0.2032
4.9900	0	-0.1417
5.0000	0	-0.1563
5.0100	0	-0.1576
5.0200	0	-0.1484
5.0300	0	-0.1690
5.0400	0	-0.1371
5.0500	0	-0.1385
5.0600	0	-0.1781
5.0700	0	-0.1216
5.0800	0	-0.1329
5.0900	0	-0.1028
5.1000	0	-0.1378
5.1100	0	-0.1863
5.1200	0	-0.1591
5.1300	0	-0.0780
5.1400	0	-0.1886
5.1500	0	-0.1463
5.1600	0	-0.0887
5.1700	0	-0.1862
5.1800	0	-0.0879
5.1900	0	-0.1499
5.2000	0	-0.1565
5.2100	0	-0.1341
5.2200	0	-0.1062
5.2300	0	-0.1048
5.2400	0	-0.1210
5.2500	0	-0.0957
5.2600	0	-0.1144
5.2700	0	-0.1400
5.2800	0	-0.1077
5.2900	0	-0.1814
5.3000	0	-0.1640
5.3100	0	-0.1449
5.3200	0	-0.1423
5.3300	0	-0.1179
5.3400	0	-0.1399
5.3500	0	-0.1405
5.3600	0	-0.1278
5.3700	0	-0.1431
5.3800	0	-0.1468
5.3900	0	-0.1343
5.4000	0	-0.1312
5.4100	0	-0.1150
5.4200	0	-0.0540
5.4300	0	-0.1010
5.4400	0	-0.0515
5.4500	0	-0.1104
5.4600	0	-0.1327
5.4700	0	-0.0850
5.4800	0	-0.1087
5.4900	0	-0.1730
5.5000	0	-0.1472
5.5100	0	-0.0809
5.5200	0	-0.1609
5.5300	0	-0.1169
5.5400	0	-0.0972
5.5500	0	-0.0805
5.5600	0	-0.0924
5.5700	0	-0.0820
5.5800	0	-0.0731
5.5900	0	-0.0353
5.6000	0	-0.1541
5.6100	0	-0.0965
5.6200	0	-0.0638
5.6300	0	-0.1286
5.6400	0	-0.0766
5.6500	0	-0.0268
5.6600	0	-0.0518
5.6700	0	-0.0836
5.6800	0	-0.1018
5.6900	0	-0.0932
5.7000	0	-0.0513
5.7100	0	-0.1114
5.7200	0	-0.0307
5.7300	0	-0.0673
5.7400	0	-0.0696
5.7500	0	-0.0604
5.7600	0	-0.0294
5.7700	0	-0.0731
5.7800	0	-0.0040
5.7900	0	-0.0264
5.8000	0	-0.0911
5.8100	0	-0.0834
5.8200	0	-0.0938
5.8300	0	-0.0470
5.8400	0	-0.0423
5.8500	0	-0.0635
5.8600	0	-0.0541
5.8700	0	-0.1025
5.8800	0	-0.1086
5.8900	0	-0.0437
5.9000	0	-0.0434
5.9100	0	-0.0768
5.9200	0	-0.0574
5.9300	0	-0.0444
5.9400	0	-0.0126
5.9500	0	-0.0305
5.9600	0	-0.0408
5.9700	0	-0.0320
5.9800	0	-0.0853
5.9900	0	-0.0635
6.0000	0	-0.0313
6.0100	0	-0.0643
6.0200	0	-0.0391
6.0300	0	-0.0460
6.0400	0	-0.0383
6.0500	0	-0.0744
6.0600	0	-0.0794
6.0700	0	-0.0940
6.0800	0	-0.0578
6.0900	0	-0.0304
6.1000	0	-0.1059
6.1100	0	-0.1017
6.1200	0	-0.0733
6.1300	0	-0.0415
6.1400	0	-0.0261
6.1500	0	-0.0641
6.1600	0	-0.0653
6.1700	0	-0.0781
6.1800	0	-0.0276
6.1900	0	-0.0605
6.2000	0	0.0097
6.2100	0	-0.0482
6.2200	0	-0.0029
6.2300	0	-0.0754
6.2400	0	-0.0119
6.2500	0	-0.0197
6.2600	0	-0.0491
6.2700	0	-0.0077
6.2800	0	-0.0246
6.2900	0	-0.0850
6.3000	0	-0.0117
6.3100	0	-0.0610
6.3200	0	0.0135
6.3300	0	0.0232
6.3400	0	0.0075
6.3500	0	0.0040
6.3600	0	0.0026
6.3700	0	0.0005
6.3800	0	-0.0715
6.3900	0	0.0019
6.4000	0	-0.0337
6.4100	0	-0.0517
6.4200	0	0.0048
6.4300	0	0.0122
6.4400	0	-0.0280
6.4500	0	-0.0108
6.4600	0	-0.0461
6.4700	0	-0.0296
6.4800	0	-0.0005
6.4900	0	-0.0158
6.5000	0	0.0377
6.5100	0	-0.0469
6.5200	0	-0.0168
6.5300	0	-0.0220
6.5400	0	-0.0006
6.5500	0	0.0267
6.5600	0	-0.0679
6.5700	0	0.0533
6.5800	0	0.0643
6.5900	0	-0.0158
6.6000	0	0.0265
6.6100	0	0.0009
6.6200	0	-0.0224
6.6300	0	0.0305
6.6400	0	-0.0298
6.6500	0	0.0356
6.6600	0	0.0370
6.6700	0	0.0178
6.6800	0	0.0132
6.6900	0	-0.0522
6.7000	0	-0.0102
6.7100	0	0.0125
6.7200	0	0.0032
6.7300	0	0.0540
6.7400	0	-0.0216
6.7500	0	0.0574
6.7600	0	-0.0000
6.7700	0	0.0205
6.7800	0	-0.0161
6.7900	0	-0.0244
6.8000	0	0.0174
6.8100	0	-0.0199
6.8200	0	-0.0255
6.8300	0	0.0526
6.8400	0	-0.0160
6.8500	0	-0.0287
6.8600	0	-0.0111
6.8700	0	-0.0788
6.8800	0	0.0254
6.8900	0	-0.0163
6.9000	0	0.0619
6.9100	0	0.0066
6.9200	0	0.0244
6.9300	0	-0.0087
6.9400	0	-0.0144
6.9500	0	0.0245
6.9600	0	-0.0183
6.9700	0	0.0064
6.9800	0	0.0082
6.9900	0	0.0295
7.0000	0	-0.0335
7.0100	0	0.0666
7.0200	0	-0.0072
7.0300	0	0.0008
7.0400	0	0.0512
7.0500	0	-0.0425
7.0600	0	-0.0329
7.0700	0	0.0314
7.0800	0	0.0114
7.0900	0	0.0734
7.1000	0	0.0528
7.1100	0	0.0003
7.1200	0	0.0300
7.1300	0	-0.0037
7.1400	0	-0.0097
7.1500	0	0.0168
7.1600	0	0.0295
7.1700	0	0.0302
7.1800	0	0.0634
7.1900	0	0.0541
7.2000	0	0.0633
7.2100	0	0.0341
7.2200	0	0.0371
7.2300	0	0.0419
7.2400	0	0.0993
7.2500	0	-0.0437
7.2600	0	0.0658
7.2700	0	0.0413
7.2800	0	-0.0204
7.2900	0	-0.0035
7.3000	0	0.0224
7.3100	0	0.0402
7.3200	0	0.0069
7.3300	0	0.0135
7.3400	0	-0.0091
7.3500	0	-0.0394
7.3600	0	0.0854
7.3700	0	0.0584
7.3800	0	-0.0135
7.3900	0	0.0303
7.4000	0	0.0444
7.4100	0	0.0252
7.4200	0	0.0080
7.4300	0	0.0378
7.4400	0	-0.0494
7.4500	0	0.0808
7.4600	0	0.0126
7.4700	0	0.0342
7.4800	0	0.0164
7.4900	0	-0.0015
7.5000	0	-0.0318
7.5100	0	0.0471
7.5200	0	0.0147
7.5300	0	0.0447
7.5400	0	0.0618
7.5500	0	0.0171
7.5600	0	0.0495
7.5700	0	0.0193
7.5800	0	0.0766
7.5900	0	0.0405
7.6000	0	0.0599
7.6100	0	-0.0137
7.6200	0	0.0190
7.6300	0	0.0435
7.6400	0	0.0098
7.6500	0	0.0586
7.6600	0	0.0735
7.6700	0	-0.0105
7.6800	0	0.0877
7.6900	0	-0.0375
7.7000	0	0.0141
7.7100	0	-0.0304
7.7200	0	0.0314
7.7300	0	0.0038
7.7400	0	0.0016
7.7500	0	0.0646
7.7600	0	0.0337
7.7700	0	0.0801
7.7800	0	-0.0062
7.7900	0	0.0759
7.8000	0	0.0618
7.8100	0	0.0229
7.8200	0	-0.0098
7.8300	0	0.0577
7.8400	0	0.0479
7.8500	0	0.0561
7.8600	0	0.0310
7.8700	0	0.0334
7.8800	0	0.0133
7.8900	0	-0.0105
7.9000	0	0.1167
7.9100	0	0.0592
7.9200	0	0.0809
7.9300	0	-0.0004
7.9400	0	0.0511
7.9500	0	0.0347
7.9600	0	0.0925
7.9700	0	0.0538
7.9800	0	0.0216
7.9900	0	0.0673
8.0000	0	0.0157
8.0100	0	0.0553
8.0200	0	0.0282
8.0300	0	0.0318
8.0400	0	0.0264
8.0500	0	0.0426
8.0600	0	0.0439
8.0700	0	0.0358
8.0800	0	0.0462
8.0900	0	-0.0348
8.1000	0	0.0600
8.1100	0	0.0721
8.1200	0	-0.0179
8.1300	0	0.0371
8.1400	0	-0.0149
8.1500	0	0.0584
8.1600	0	0.0138
8.1700	0	0.0139
8.1800	0	0.0023
8.1900	0	0.0654
8.2000	0	0.0271
8.2100	0	0.0343
8.2200	0	0.0175
8.2300	0	0.0660
8.2400	0	0.0375
8.2500	0	0.0223
8.2600	0	0.0186
8.2700	0	0.1057
8.2800	0	0.0980
8.2900	0	0.0500
8.3000	0	0.0079
8.3100	0	0.0352
8.3200	0	0.0159
8.3300	0	0.0158
8.3400	0	0.0875
8.3500	0	0.0199
8.3600	0	0.1072
8.3700	0	-0.0281
8.3800	0	0.0655
8.3900	0	-0.0157
8.4000	0	0.0736
8.4100	0	0.0216
8.4200	0	0.0247
8.4300	0	0.0179
8.4400	0	-0.0261
8.4500	0	0.0519
8.4600	0	0.0177
8.4700	0	0.0311
8.4800	0	0.0678
8.4900	0	0.0271
8.5000	0	0.0593
8.5100	0	0.0130
8.5200	0	0.0162
8.5300	0	-0.0027
8.5400	0	-0.0261
8.5500	0	-0.0295
8.5600	0	-0.0078
8.5700	0	0.0063
8.5800	0	0.0523
8.5900	0	0.0284
8.6000	0	-0.0041
8.6100	0	0.0345
8.6200	0	0.0114
8.6300	0	0.0112
8.6400	0	0.0416
8.6500	0	0.0244
8.6600	0	-0.0109
8.6700	0	0.0509
8.6800	0	0.0267
8.6900	0	0.0225
8.7000	0	0.0532
8.7100	0	0.0215
8.7200	0	0.0429
8.7300	0	0.0282
8.7400	0	0.0101
8.7500	0	0.0237
8.7600	0	0.0105
8.7700	0	0.0682
8.7800	0	0.0451
8.7900	0	0.0222
8.8000	0	0.0236
8.8100	0	0.0460
8.8200	0	0.0514
8.8300	0	-0.0093
8.8400	0	0.0691
8.8500	0	0.0586
8.8600	0	0.0299
8.8700	0	0.0671
8.8800	0	-0.0136
8.8900	0	-0.0352
8.9000	0	0.0305
8.9100	0	0.0744
8.9200	0	0.0166
8.9300	0	0.0421
8.9400	0	0.0105
8.9500	0	0.0757
8.9600	0	0.0288
8.9700	0	0.0333
8.9800	0	-0.0088
8.9900	0	-0.0233
9.0000	0	0.0090
9.0100	0	-0.0279
9.0200	0	0.0705
9.0300	0	0.0224
9.0400	0	-0.0312
9.0500	0	0.0326
9.0600	0	0.0414
9.0700	0	-0.0402
9.0800	0	0.0285
9.0900	0	0.0614
9.1000	0	-0.0248
9.1100	0	-0.0066
9.1200	0	0.0324
9.1300	0	0.0320
9.1400	0	0.0221
9.1500	0	0.0035
9.1600	0	-0.0215
9.1700	0	0.0392
9.1800	0	-0.0068
9.1900	0	0.0319
9.2000	0	0.0227
9.2100	0	-0.0006
9.2200	0	-0.0342
9.2300	0	0.0706
9.2400	0	-0.0279
9.2500	0	-0.0493
9.2600	0	-0.0382
9.2700	0	0.0137
9.2800	0	0.0665
9.2900	0	0.0094
9.3000	0	-0.0180
9.3100	0	0.0152
9.3200	0	0.0304
9.3300	0	0.0278
9.3400	0	0.0089
9.3500	0	0.0510
9.3600	0	-0.0069
9.3700	0	0.0216
9.3800	0	0.0134
9.3900	0	0.0066
9.4000	0	-0.0029
9.4100	0	-0.0389
9.4200	0	0.0494
9.4300	0	0.0635
9.4400	0	-0.0131
9.4500	0	0.0113
9.4600	0	0.0556
9.4700	0	0.0909
9.4800	0	-0.0201
9.4900	0	0.0033
9.5000	0	0.0288
9.5100	0	0.0018
9.5200	0	-0.0256
9.5300	0	0.0367
9.5400	0	-0.0312
9.5500	0	0.0049
9.5600	0	0.0387
9.5700	0	0.0048
9.5800	0	0.0156
9.5900	0	0.0064
9.6000	0	-0.0323
9.6100	0	-0.0059
9.6200	0	0.0275
9.6300	0	0.0012
9.6400	0	-0.0253
9.6500	0	-0.0284
9.6600	0	0.0204
9.6700	0	-0.0100
9.6800	0	-0.0338
9.6900	0	0.0023
9.7000	0	-0.0162
9.7100	0	0.0620
9.7200	0	0.0376
9.7300	0	0.0147
9.7400	0	-0.0251
9.7500	0	-0.0140
9.7600	0	-0.0086
9.7700	0	0.0254
9.7800	0	-0.0303
9.7900	0	-0.0296
9.8000	0	-0.0497
9.8100	0	0.0818
9.8200	0	-0.0503
9.8300	0	0.0117
9.8400	0	-0.0276
9.8500	0	-0.0095
9.8600	0	0.0195
9.8700	0	0.0232
9.8800	0	-0.0437
9.8900	0	0.0062
9.9000	0	-0.0192
9.9100	0	0.0121
9.9200	0	0.0409
9.9300	0	0.0081
9.9400	0	0.0319
9.9500	0	0.0323
9.9600	0	0.0393
9.9700	0	0.0074
9.9800	0	-0.0845
9.9900	0	-0.0261
10.0000	0	0.0598
10.0100	0	-0.0215
10.0200	0	-0.0499
10.0300	0	0.0563
10.0400	0	0.0097
10.0500	0	-0.0251
10.0600	0	0.0057
10.0700	0	-0.0065
10.0800	0	0.0247
10.0900	0	-0.0433
10.1000	0	-0.0727
10.1100	0	-0.0296
10.1200	0	-0.0136
10.1300	0	0.0244
10.1400	0	0.0092
10.1500	0	-0.0021
10.1600	0	-0.0033
10.1700	0	-0.0100
10.1800	0	0.0204
10.1900	0	-0.0230
10.2000	0	0.0350
10.2100	0	-0.0086
10.2200	0	-0.0001
10.2300	0	-0.0182
10.2400	0	0.0640
10.2500	0	0.0101
10.2600	0	0.0081
10.2700	0	0.0122
10.2800	0	0.0152
10.2900	0	-0.0097
10.3000	0	0.0490
10.3100	0	0.0292
10.3200	0	0.0163
10.3300	0	0.0298
10.3400	0	-0.0129
10.3500	0	0.0325
10.3600	0	0.0050
10.3700	0	0.0059
10.3800	0	-0.0384
10.3900	0	0.0321
10.4000	0	-0.0127
10.4100	0	0.0484
10.4200	0	-0.0361
10.4300	0	-0.0270
10.4400	0	-0.0341
10.4500	0	0.0456
10.4600	0	0.0124
10.4700	0	-0.0512
10.4800	0	0.0160
10.4900	0	0.0412
10.5000	0	-0.0463
10.5100	0	-0.0102
10.5200	0	0.0323
10.5300	0	-0.0035
10.5400	0	-0.0198
10.5500	0	-0.0155
10.5600	0	-0.0131
10.5700	0	-0.0215
10.5800	0	-0.0298
10.5900	0	0.0175
10.6000	0	-0.0068
10.6100	0	-0.0098
10.6200	0	0.0530
10.6300	0	-0.0450
10.6400	0	-0.0208
10.6500	0	0.0486
10.6600	0	0.0149
10.6700	0	0.0762
10.6800	0	-0.0197
10.6900	0	-0.0056
10.7000	0	0.0307
10.7100	0	0.0279
10.7200	0	0.0191
10.7300	0	-0.0183
10.7400	0	-0.0423
10.7500	0	0.0424
10.7600	0	-0.0064
10.7700	0	-0.0039
10.7800	0	0.0010
10.7900	0	-0.0020
10.8000	0	-0.0522
10.8100	0	-0.0268
10.8200	0	-0.0555
10.8300	0	-0.0255
10.8400	0	0.0237
10.8500	0	0.0390
10.8600	0	-0.0420
10.8700	0	0.0776
10.8800	0	-0.0170
10.8900	0	-0.0113
10.9000	0	-0.0198
10.9100	0	0.0037
10.9200	0	0.0242
10.9300	0	-0.0510
10.9400	0	-0.0350
10.9500	0	0.0094
10.9600	0	0.0380
10.9700	0	0.0158
10.9800	0	0.0304
10.9900	0	-0.0028
11.0000	0	-0.0194
11.0100	0	-0.0250
11.0200	0	-0.0169
11.0300	0	-0.0048
11.0400	0	0.0222
11.0500	0	0.0216
11.0600	0	-0.0018
11.0700	0	-0.0030
11.0800	0	-0.0231
11.0900	0	0.0773
11.1000	0	-0.0410
11.1100	0	-0.0051
11.1200	0	-0.0034
11.1300	0	0.0105
11.1400	0	0.0413
11.1500	0	0.0272
11.1600	0	0.0006
11.1700	0	-0.0054
11.1800	0	0.0564
11.1900	0	-0.0504
11.2000	0	-0.0043
11.2100	0	-0.0350
11.2200	0	-0.0078
11.2300	0	0.0065
11.2400	0	0.0137
11.2500	0	-0.0275
11.2600	0	-0.0165
11.2700	0	0.0426
11.2800	0	0.0258
11.2900	0	0.0244
11.3000	0	-0.0310
11.3100	0	-0.0146
11.3200	0	-0.0188
11.3300	0	-0.0429
11.3400	0	-0.0335
11.3500	0	0.0245
11.3600	0	-0.0172
11.3700	0	-0.0011
11.3800	0	0.0258
11.3900	0	-0.0081
11.4000	0	-0.0072
11.4100	0	-0.0159
11.4200	0	-0.0573
11.4300	0	0.0522
11.4400	0	-0.0132
11.4500	0	-0.0127
11.4600	0	-0.0066
11.4700	0	0.0156
11.4800	0	-0.0229
11.4900	0	0.0139
11.5000	0	-0.0635
11.5100	0	-0.0002
11.5200	0	0.0118
11.5300	0	-0.0163
11.5400	0	-0.0020
11.5500	0	-0.0425
11.5600	0	0.0110
11.5700	0	0.0202
11.5800	0	-0.0347
11.5900	0	0.0039
11.6000	0	-0.0243
11.6100	0	-0.0131
11.6200	0	-0.0585
11.6300	0	-0.0328
11.6400	0	-0.0514
11.6500	0	-0.0631
11.6600	0	-0.0551
11.6700	0	-0.0368
11.6800	0	0.0122
11.6900	0	-0.0259
11.7000	0	0.0123
11.7100	0	-0.0324
11.7200	0	-0.0307
11.7300	0	0.0304
11.7400	0	-0.0445
11.7500	0	0.0043
11.7600	0	0.0031
11.7700	0	-0.0402
11.7800	0	-0.0337
11.7900	0	-0.0001
11.8000	0	-0.0247
11.8100	0	0.0171
11.8200	0	-0.0254
11.8300	0	-0.0344
11.8400	0	-0.0125
11.8500	0	-0.0028
11.8600	0	-0.0463
11.8700	0	-0.0147
11.8800	0	0.0005
11.8900	0	-0.0101
11.9000	0	-0.0399
11.9100	0	0.0093
11.9200	0	-0.0007
11.9300	0	0.0031
11.9400	0	-0.0276
11.9500	0	-0.0453
11.9600	0	0.0560
11.9700	0	-0.0548
11.9800	0	-0.0179
11.9900	0	-0.0127
12.0000	0	-0.0236
12.0100	0	0.0540
12.0200	0	0.0401
12.0300	0	-0.0261
12.0400	0	-0.0194
12.0500	0	-0.0087
12.0600	0	0.0019
12.0700	0	-0.0082
12.0800	0	0.0226
12.0900	0	-0.0280
12.1000	0	-0.0204
12.1100	0	-0.0291
12.1200	0	0.0403
12.1300	0	0.0016
12.1400	0	-0.0349
12.1500	0	-0.0144
12.1600	0	0.0177
12.1700	0	-0.0787
12.1800	0	-0.0079
12.1900	0	-0.0175
12.2000	0	-0.0236
12.2100	0	0.0385
12.2200	0	0.0116
12.2300	0	-0.0451
12.2400	0	-0.0441
12.2500	0	0.0361
12.2600	0	-0.0368
12.2700	0	0.0041
12.2800	0	0.0122
12.2900	0	-0.0081
12.3000	0	-0.0886
12.3100	0	0.0759
12.3200	0	-0.0345
12.3300	0	0.0351
12.3400	0	0.0192
12.3500	0	0.0126
12.3600	0	-0.0567
12.3700	0	0.0173
12.3800	0	-0.0068
12.3900	0	0.0097
12.4000	0	-0.0386
12.4100	0	0.0473
12.4200	0	-0.0130
12.4300	0	0.0220
12.4400	0	-0.0053
12.4500	0	0.0374
12.4600	0	0.0153
12.4700	0	-0.0444
12.4800	0	-0.0502
12.4900	0	0.0071
12.5000	0	-0.0119
12.5100	0	-0.0352
12.5200	0	0.0100
12.5300	0	-0.0124
12.5400	0	-0.0643
12.5500	0	-0.0463
12.5600	0	-0.0338
12.5700	0	-0.0233
12.5800	0	-0.0298
12.5900	0	0.0158
12.6000	0	-0.0607
12.6100	0	0.0246
12.6200	0	-0.0161
12.6300	0	-0.0369
12.6400	0	-0.0354
12.6500	0	-0.0270
12.6600	0	0.0347
12.6700	0	0.0213
12.6800	0	0.0288
12.6900	0	0.0074
12.7000	0	-0.0403
12.7100	0	-0.0216
12.7200	0	0.0300
12.7300	0	-0.0737
12.7400	0	-0.0329
12.7500	0	0.0900
12.7600	0	-0.0027
12.7700	0	-0.0074
12.7800	0	-0.0099
12.7900	0	0.0141
12.8000	0	0.0117
12.8100	0	-0.0001
12.8200	0	-0.0707
12.8300	0	0.0126
12.8400	0	-0.0187
12.8500	0	0.0457
12.8600	0	-0.0193
12.8700	0	-0.0407
12.8800	0	0.0008
12.8900	0	0.0319
12.9000	0	0.0471
12.9100	0	0.0080
12.9200	0	0.0416
12.9300	0	-0.0295
12.9400	0	-0.0304
12.9500	0	0.0297
12.9600	0	0.0034
12.9700	0	-0.0135
12.9800	0	-0.0048
12.9900	0	0.0348
13.0000	0	-0.0381
13.0100	0	-0.0032
13.0200	0	-0.0173
13.0300	0	-0.0054
13.0400	0	0.0072
13.0500	0	-0.0051
13.0600	0	-0.0307
13.0700	0	-0.0516
13.0800	0	0.0046
13.0900	0	-0.0243
13.1000	0	0.0793
13.1100	0	0.0044
13.1200	0	0.0482
13.1300	0	-0.0046
13.1400	0	0.0448
13.1500	0	0.0481
13.1600	0	-0.0104
13.1700	0	0.0053
13.1800	0	-0.0243
13.1900	0	-0.0247
13.2000	0	-0.0232
13.2100	0	0.0280
13.2200	0	-0.0342
13.2300	0	-0.0161
13.2400	0	-0.0472
13.2500	0	-0.0362
13.2600	0	-0.0228
13.2700	0	-0.0050
13.2800	0	-0.0145
13.2900	0	-0.0095
13.3000	0	-0.0025
13.3100	0	0.0491
13.3200	0	0.0209
13.3300	0	0.0019
13.3400	0	0.0437
13.3500	0	-0.0492
13.3600	0	0.0525
13.3700	0	0.0202
13.3800	0	-0.0088
13.3900	0	-0.0196
13.4000	0	-0.0318
13.4100	0	-0.0089
13.4200	0	0.0223
13.4300	0	-0.0364
13.4400	0	0.0298
13.4500	0	-0.0028
13.4600	0	0.0778
13.4700	0	0.0153
13.4800	0	-0.0064
13.4900	0	0.0011
13.5000	0	0.0696
13.5100	0	-0.0696
13.5200	0	0.0146
13.5300	0	-0.0007
13.5400	0	0.0421
13.5500	0	0.0055
13.5600	0	-0.0027
13.5700	0	-0.0176
13.5800	0	0.0265
13.5900	0	-0.0132
13.6000	0	-0.0083
13.6100	0	-0.0541
13.6200	0	0.0169
13.6300	0	0.0119
13.6400	0	0.0564
13.6500	0	-0.0403
13.6600	0	0.0543
13.6700	0	-0.0185
13.6800	0	0.0204
13.6900	0	0.0635
13.7000	0	-0.0468
13.7100	0	0.0271
13.7200	0	0.0305
13.7300	0	0.0154
13.7400	0	-0.0214
13.7500	0	0.0180
13.7600	0	0.0555
13.7700	0	-0.0176
13.7800	0	0.0171
13.7900	0	0.0159
13.8000	0	0.0307
13.8100	0	-0.0187
13.8200	0	0.0043
13.8300	0	0.0246
13.8400	0	0.0474
13.8500	0	-0.0276
13.8600	0	0.0485
13.8700	0	-0.0134
13.8800	0	-0.0081
13.8900	0	-0.0035
13.9000	0	-0.0431
13.9100	0	0.0351
13.9200	0	-0.0044
13.9300	0	-0.0307
13.9400	0	-0.0201
13.9500	0	0.0048
13.9600	0	-0.0493
13.9700	0	-0.0389
13.9800	0	-0.0045
13.9900	0	0.0107
14.0000	0	-0.0118
14.0100	0	0.0417
14.0200	0	0.0001
14.0300	0	0.0262
14.0400	0	0.0434
14.0500	0	-0.0080
14.0600	0	-0.0078
14.0700	0	0.0340
14.0800	0	-0.0183
14.0900	0	0.0289
14.1000	0	0.0742
14.1100	0	0.0213
14.1200	0	0.0155
14.1300	0	0.0388
14.1400	0	-0.0372
14.1500	0	-0.0137
14.1600	0	0.0363
14.1700	0	0.0119
14.1800	0	0.0738
14.1900	0	-0.0447
14.2000	0	0.0240
14.2100	0	-0.0179
14.2200	0	-0.0542
14.2300	0	-0.0463
14.2400	0	-0.0191
14.2500	0	-0.0126
14.2600	0	-0.0594
14.2700	0	-0.0221
14.2800	0	0.0018
14.2900	0	0.0118
14.3000	0	-0.0045
14.3100	0	-0.0110
14.3200	0	-0.0395
14.3300	0	-0.0218
14.3400	0	0.0265
14.3500	0	-0.0032
14.3600	0	0.0482
14.3700	0	0.0403
14.3800	0	0.0313
14.3900	0	0.0045
14.4000	0	0.0640
14.4100	0	-0.0482
14.4200	0	-0.0255
14.4300	0	-0.0713
14.4400	0	0.0061
14.4500	0	-0.0183
14.4600	0	-0.0098
14.4700	0	0.0198
14.4800	0	0.0146
14.4900	0	0.0162
14.5000	0	-0.0169
14.5100	0	0.0163
14.5200	0	-0.0071
14.5300	0	-0.0092
14.5400	0	0.0182
14.5500	0	0.0017
14.5600	0	-0.0678
14.5700	0	-0.0025
14.5800	0	-0.0006
14.5900	0	-0.0386
14.6000	0	-0.0274
14.6100	0	-0.0200
14.6200	0	0.0044
14.6300	0	0.0229
14.6400	0	-0.0393
14.6500	0	-0.0079
14.6600	0	-0.0391
14.6700	0	0.0227
14.6800	0	-0.0277
14.6900	0	-0.0208
14.7000	0	0.0187
14.7100	0	-0.0336
14.7200	0	0.0222
14.7300	0	0.0118
14.7400	0	0.0007
14.7500	0	0.0393
14.7600	0	0.0365
14.7700	0	0.0349
14.7800	0	-0.0343
14.7900	0	-0.0260
14.8000	0	-0.0107
14.8100	0	0.0114
14.8200	0	-0.0040
14.8300	0	0.0099
14.8400	0	-0.0158
14.8500	0	0.0286
14.8600	0	0.0121
14.8700	0	0.0779
14.8800	0	-0.0023
14.8900	0	0.0122
14.9000	0	-0.0218
14.9100	0	0.0328
14.9200	0	0.0028
14.9300	0	-0.0115
14.9400	0	0.0179
14.9500	0	0.0418
14.9600	0	-0.0085
14.9700	0	0.0077
14.9800	0	0.0176
14.9900	0	-0.0135
15.0000	0	-0.0046
15.0100	0	0.0524
15.0200	0	-0.0049
15.0300	0	-0.0487
15.0400	0	-0.0078
15.0500	0	-0.0257
15.0600	0	-0.0143
15.0700	0	0.0282
15.0800	0	-0.0236
15.0900	0	0.0064
15.1000	0	-0.0131
15.1100	0	-0.0688
15.1200	0	0.0289
15.1300	0	0.0195
15.1400	0	-0.0031
15.1500	0	-0.0048
15.1600	0	-0.0092
15.1700	0	0.0244
15.1800	0	0.0292
15.1900	0	-0.0391
15.2000	0	0.0118
15.2100	0	0.0100
15.2200	0	-0.0355
15.2300	0	0.0313
15.2400	0	-0.0381
15.2500	0	0.0203
15.2600	0	-0.0051
15.2700	0	0.0206
15.2800	0	-0.0370
15.2900	0	0.0036
15.3000	0	0.0398
15.3100	0	-0.0597
15.3200	0	-0.0719
15.3300	0	-0.0542
15.3400	0	-0.0378
15.3500	0	0.0319
15.3600	0	0.0659
15.3700	0	0.0064
15.3800	0	-0.0522
15.3900	0	0.0320
15.4000	0	0.0765
15.4100	0	0.0262
15.4200	0	0.0145
15.4300	0	0.0285
15.4400	0	-0.0137
15.4500	0	-0.0114
15.4600	0	0.0212
15.4700	0	-0.0924
15.4800	0	0.0425
15.4900	0	-0.0035
15.5000	0	-0.0136
15.5100	0	0.0041
15.5200	0	0.0327
15.5300	0	0.0001
15.5400	0	0.0179
15.5500	0	0.0555
15.5600	0	0.0230
15.5700	0	-0.0106
15.5800	0	0.0574
15.5900	0	0.0054
15.6000	0	-0.0362
15.6100	0	0.0549
15.6200	0	0.0565
15.6300	0	0.0231
15.6400	0	0.0045
15.6500	0	0.0160
15.6600	0	-0.0278
15.6700	0	0.0130
15.6800	0	-0.0602
15.6900	0	0.0175
15.7000	0	-0.0247
15.7100	0	0.0135
15.7200	0	-0.0280
15.7300	0	-0.0611
15.7400	0	0.0173
15.7500	0	0.0529
15.7600	0	0.0115
15.7700	0	-0.0212
15.7800	0	-0.0173
15.7900	0	0.0455
15.8000	0	-0.0051
15.8100	0	0.0598
15.8200	0	-0.0184
15.8300	0	0.0388
15.8400	0	-0.0164
15.8500	0	0.0338
15.8600	0	0.0181
15.8700	0	-0.0514
15.8800	0	0.0345
15.8900	0	-0.0270
15.9000	0	-0.0417
15.9100	0	-0.0049
15.9200	0	0.0024
15.9300	0	-0.0346
15.9400	0	-0.0188
15.9500	0	0.0536
15.9600	0	0.0405
15.9700	0	0.0162
15.9800	0	-0.0090
15.9900	0	-0.0329
16.0000	0	0.0193
16.0100	0	-0.0055
16.0200	0	0.0207
16.0300	0	-0.0208
16.0400	0	-0.0037
16.0500	0	0.0539
16.0600	0	0.0052
16.0700	0	-0.0368
16.0800	0	-0.0487
16.0900	0	0.0308
16.1000	0	0.0180
16.1100	0	0.0316
16.1200	0	0.0035
16.1300	0	0.0223
16.1400	0	0.0172
16.1500	0	0.0178
16.1600	0	-0.0136
16.1700	0	-0.0332
16.1800	0	-0.0308
16.1900	0	0.0062
16.2000	0	0.0207
16.2100	0	-0.0260
16.2200	0	-0.0001
16.2300	0	-0.0111
16.2400	0	0.0190
16.2500	0	-0.0457
16.2600	0	0.0345
16.2700	0	0.0139
16.2800	0	0.0309
16.2900	0	0.0325
16.3000	0	0.0213
16.3100	0	-0.0488
16.3200	0	-0.0043
16.3300	0	0.0772
16.3400	0	-0.0579
16.3500	0	0.0101
16.3600	0	-0.0333
16.3700	0	0.0348
16.3800	0	0.0118
16.3900	0	-0.0053
16.4000	0	0.0132
16.4100	0	0.0116
16.4200	0	-0.0108
16.4300	0	0.0088
16.4400	0	0.0245
16.4500	0	-0.0147
16.4600	0	-0.0540
16.4700	0	-0.0179
16.4800	0	0.0024
16.4900	0	-0.0158
16.5000	0	0.0355
16.5100	0	0.0173
16.5200	0	0.0371
16.5300	0	-0.0270
16.5400	0	0.0335
16.5500	0	-0.0072
16.5600	0	0.0508
16.5700	0	-0.0079
16.5800	0	0.0093
16.5900	0	0.0000
16.6000	0	-0.0308
16.6100	0	-0.0115
16.6200	0	-0.0169
16.6300	0	-0.0273
16.6400	0	0.0382
16.6500	0	0.0179
16.6600	0	0.0149
16.6700	0	0.0082
16.6800	0	-0.0581
16.6900	0	-0.0206
16.7000	0	-0.0183
16.7100	0	-0.0108
16.7200	0	0.0209
16.7300	0	-0.0018
16.7400	0	0.0040
16.7500	0	-0.0345
16.7600	0	-0.0083
16.7700	0	-0.0282
16.7800	0	-0.0159
16.7900	0	0.0144
16.8000	0	0.0520
16.8100	0	0.0529
16.8200	0	-0.0095
16.8300	0	0.0268
16.8400	0	0.0083
16.8500	0	0.0058
16.8600	0	0.0183
16.8700	0	-0.0363
16.8800	0	0.0382
16.8900	0	-0.0033
16.9000	0	0.0215
16.9100	0	0.0201
16.9200	0	-0.0086
16.9300	0	0.0154
16.9400	0	-0.0418
16.9500	0	-0.0241
16.9600	0	-0.0070
16.9700	0	0.0058
16.9800	0	-0.0035
16.9900	0	0.0263
17.0000	0	-0.0000
17.0100	0	-0.0125
17.0200	0	-0.0264
17.0300	0	-0.0070
17.0400	0	-0.0631
17.0500	0	-0.0309
17.0600	0	-0.0030
17.0700	0	0.0193
17.0800	0	-0.0010
17.0900	0	-0.0400
17.1000	0	0.0080
17.1100	0	0.0074
17.1200	0	-0.0383
17.1300	0	-0.0188
17.1400	0	-0.0038
17.1500	0	-0.0173
17.1600	0	-0.0155
17.1700	0	0.0569
17.1800	0	0.0033
17.1900	0	0.0050
17.2000	0	0.0357
17.2100	0	-0.0045
17.2200	0	0.0197
17.2300	0	-0.0462
17.2400	0	-0.0294
17.2500	0	-0.0047
17.2600	0	-0.0249
17.2700	0	-0.0265
17.2800	0	-0.0141
17.2900	0	-0.0031
17.3000	0	-0.0089
17.3100	0	-0.0230
17.3200	0	0.0343
17.3300	0	-0.0007
17.3400	0	-0.0017
17.3500	0	-0.0266
17.3600	0	-0.0230
17.3700	0	-0.0427
17.3800	0	-0.0187
17.3900	0	0.0355
17.4000	0	-0.0260
17.4100	0	0.0159
17.4200	0	0.0099
17.4300	0	-0.0174
17.4400	0	0.0014
17.4500	0	-0.0183
17.4600	0	0.0083
17.4700	0	-0.0033
17.4800	0	-0.0400
17.4900	0	-0.0295
17.5000	0	0.0171
17.5100	0	0.0003
17.5200	0	-0.0706
17.5300	0	0.0284
17.5400	0	-0.0585
17.5500	0	-0.0112
17.5600	0	-0.0352
17.5700	0	-0.0058
17.5800	0	0.0100
17.5900	0	0.0319
17.6000	0	-0.0373
17.6100	0	-0.0055
17.6200	0	0.0124
17.6300	0	-0.0346
17.6400	0	-0.0345
17.6500	0	-0.0181
17.6600	0	0.0437
17.6700	0	-0.0145
17.6800	0	0.0126
17.6900	0	0.0020
17.7000	0	-0.0213
17.7100	0	0.0114
17.7200	0	0.0162
17.7300	0	-0.0193
17.7400	0	0.0067
17.7500	0	0.0128
17.7600	0	-0.0088
17.7700	0	-0.0141
17.7800	0	0.0158
17.7900	0	0.0009
17.8000	0	-0.0007
17.8100	0	0.0271
17.8200	0	0.0392
17.8300	0	-0.0434
17.8400	0	0.0575
17.8500	0	-0.0125
17.8600	0	0.0154
17.8700	0	0.0168
17.8800	0	0.0216
17.8900	0	-0.0300
17.9000	0	0.0544
17.9100	0	-0.0453
17.9200	0	-0.0088
17.9300	0	-0.0225
17.9400	0	-0.0048
17.9500	0	-0.0465
17.9600	0	-0.0104
17.9700	0	0.0343
17.9800	0	0.0761
17.9900	0	-0.0315
18.0000	0	-0.0003
18.0100	0	0.0157
18.0200	0	-0.0317
18.0300	0	-0.0252
18.0400	0	0.0103
18.0500	0	0.0013
18.0600	0	0.0740
18.0700	0	0.0070
18.0800	0	-0.0083
18.0900	0	0.0422
18.1000	0	0.0053
18.1100	0	-0.0116
18.1200	0	-0.0049
18.1300	0	0.0286
18.1400	0	0.0392
18.1500	0	0.0078
18.1600	0	-0.0227
18.1700	0	0.0065
18.1800	0	-0.0067
18.1900	0	-0.0337
18.2000	0	0.0656
18.2100	0	-0.0531
18.2200	0	-0.0189
18.2300	0	-0.0038
18.2400	0	0.0414
18.2500	0	0.0172
18.2600	0	0.0220
18.2700	0	-0.0197
18.2800	0	-0.0518
18.2900	0	0.0212
18.3000	0	-0.0033
18.3100	0	-0.0155
18.3200	0	0.0047
18.3300	0	0.0323
18.3400	0	0.0132
18.3500	0	0.0202
18.3600	0	-0.0041
18.3700	0	0.0258
18.3800	0	-0.0010
18.3900	0	0.0198
18.4000	0	-0.0508
18.4100	0	-0.0220
18.4200	0	0.0013
18.4300	0	-0.0072
18.4400	0	0.0038
18.4500	0	-0.0410
18.4600	0	-0.0025
18.4700	0	-0.0234
18.4800	0	-0.0576
18.4900	0	0.0108
18.5000	0	-0.0058
18.5100	0	0.0216
18.5200	0	0.0251
18.5300	0	-0.0202
18.5400	0	-0.0255
18.5500	0	0.0635
18.5600	0	-0.0249
18.5700	0	0.0003
18.5800	0	-0.0457
18.5900	0	0.0461
18.6000	0	0.0185
18.6100	0	-0.0119
18.6200	0	0.0453
18.6300	0	-0.0308
18.6400	0	0.0182
18.6500	0	0.0212
18.6600	0	-0.0311
18.6700	0	0.0176
18.6800	0	0.0550
18.6900	0	-0.0303
18.7000	0	-0.0060
18.7100	0	-0.0476
18.7200	0	0.0262
18.7300	0	0.0352
18.7400	0	0.0198
18.7500	0	-0.0065
18.7600	0	0.0092
18.7700	0	0.0345
18.7800	0	-0.0258
18.7900	0	0.0086
18.8000	0	0.0056
18.8100	0	0.0267
18.8200	0	0.0125
18.8300	0	-0.0226
18.8400	0	0.0309
18.8500	0	0.0223
18.8600	0	-0.0489
18.8700	0	0.0724
18.8800	0	-0.0310
18.8900	0	0.0019
18.9000	0	-0.0160
18.9100	0	0.0268
18.9200	0	0.0143
18.9300	0	0.0243
18.9400	0	-0.0082
18.9500	0	0.0296
18.9600	0	0.0322
18.9700	0	-0.0164
18.9800	0	0.0117
18.9900	0	0.0564
19.0000	0	-0.0157
19.0100	0	0.0105
19.0200	0	0.0091
19.0300	0	0.0092
19.0400	0	-0.0137
19.0500	0	-0.0250
19.0600	0	0.0224
19.0700	0	0.0096
19.0800	0	0.0001
19.0900	0	-0.0151
19.1000	0	-0.0105
19.1100	0	-0.0551
19.1200	0	-0.0256
19.1300	0	-0.0427
19.1400	0	0.0601
19.1500	0	-0.0424
19.1600	0	0.0303
19.1700	0	0.0409
19.1800	0	-0.0005
19.1900	0	-0.0183
19.2000	0	-0.0338
19.2100	0	0.0274
19.2200	0	0.0410
19.2300	0	0.0236
19.2400	0	0.0657
19.2500	0	0.0054
19.2600	0	-0.0384
19.2700	0	0.0207
19.2800	0	0.0037
19.2900	0	0.0023
19.3000	0	-0.0106
19.3100	0	0.0374
19.3200	0	-0.0169
19.3300	0	-0.0308
19.3400	0	0.0332
19.3500	0	0.0388
19.3600	0	-0.0204
19.3700	0	-0.0317
19.3800	0	0.0102
19.3900	0	0.0126
19.4000	0	0.0633
19.4100	0	-0.0376
19.4200	0	-0.0061
19.4300	0	0.0018
19.4400	0	0.0180
19.4500	0	0.0133
19.4600	0	-0.0324
19.4700	0	-0.0286
19.4800	0	0.0018
19.4900	0	0.0171
19.5000	0	-0.0165
19.5100	0	0.0268
19.5200	0	0.0193
19.5300	0	0.0203
19.5400	0	-0.0096
19.5500	0	0.0474
19.5600	0	-0.0167
19.5700	0	0.0306
19.5800	0	-0.0730
19.5900	0	0.0195
19.6000	0	0.0021
19.6100	0	-0.0106
19.6200	0	-0.0087
19.6300	0	-0.0618
19.6400	0	0.0395
19.6500	0	0.0144
19.6600	0	0.0739
19.6700	0	-0.0612
19.6800	0	0.0299
19.6900	0	-0.0313
19.7000	0	-0.0312
19.7100	0	-0.0334
19.7200	0	-0.0546
19.7300	0	-0.0264
19.7400	0	-0.0114
19.7500	0	-0.0598
19.7600	0	-0.0156
19.7700	0	0.0123
19.7800	0	0.0301
19.7900	0	0.0276
19.8000	0	-0.0240
19.8100	0	-0.0486
19.8200	0	-0.0104
19.8300	0	0.0182
19.8400	0	-0.0524
19.8500	0	0.0046
19.8600	0	-0.0427
19.8700	0	0.0095
19.8800	0	-0.0691
19.8900	0	-0.0443
19.9000	0	-0.0146
19.9100	0	-0.0463
19.9200	0	0.0253
19.9300	0	-0.0562
19.9400	0	0.0090
19.9500	0	0.0208
19.9600	0	0.0344
19.9700	0	-0.0535
19.9800	0	0.0081
19.9900	0	-0.0148
20.0000	1.0000	0.0322
20.0100	1.0000	0.0165
20.0200	1.0000	0.0257
20.0300	1.0000	0.0476
20.0400	1.0000	-0.0308
20.0500	1.0000	0.0177
20.0600	1.0000	-0.0100
20.0700	1.0000	-0.0180
20.0800	1.0000	0.0249
20.0900	1.0000	-0.0449
20.1000	1.0000	0.0750
20.1100	1.0000	-0.0364
20.1200	1.0000	-0.0112
20.1300	1.0000	0.0013
20.1400	1.0000	0.1048
20.1500	1.0000	0.0231
20.1600	1.0000	0.0419
20.1700	1.0000	0.0381
20.1800	1.0000	0.0181
20.1900	1.0000	0.0237
20.2000	1.0000	0.0405
20.2100	1.0000	-0.0178
20.2200	1.0000	0.0434
20.2300	1.0000	-0.0582
20.2400	1.0000	0.0194
20.2500	1.0000	0.0174
20.2600	1.0000	-0.0300
20.2700	1.0000	-0.0154
20.2800	1.0000	0.0042
20.2900	1.0000	0.0276
20.3000	1.0000	0.0622
20.3100	1.0000	-0.0129
20.3200	1.0000	0.0472
20.3300	1.0000	-0.0204
20.3400	1.0000	0.0549
20.3500	1.0000	0.0879
20.3600	1.0000	0.0499
20.3700	1.0000	0.0318
20.3800	1.0000	0.0548
20.3900	1.0000	0.0264
20.4000	1.0000	0.0343
20.4100	1.0000	0.0805
20.4200	1.0000	0.0961
20.4300	1.0000	0.0894
20.4400	1.0000	0.1156
20.4500	1.0000	0.1178
20.4600	1.0000	0.0949
20.4700	1.0000	0.1283
20.4800	1.0000	0.0600
20.4900	1.0000	0.1858
20.5000	1.0000	0.2040
20.5100	1.0000	0.0851
20.5200	1.0000	0.1369
20.5300	1.0000	0.1219
20.5400	1.0000	0.0893
20.5500	1.0000	0.1046
20.5600	1.0000	0.0905
20.5700	1.0000	0.1649
20.5800	1.0000	0.1094
20.5900	1.0000	0.0920
20.6000	1.0000	0.1326
20.6100	1.0000	0.1884
20.6200	1.0000	0.1409
20.6300	1.0000	0.1576
20.6400	1.0000	0.2249
20.6500	1.0000	0.1834
20.6600	1.0000	0.1650
20.6700	1.0000	0.2054
20.6800	1.0000	0.1818
20.6900	1.0000	0.2127
20.7000	1.0000	0.2429
20.7100	1.0000	0.1675
20.7200	1.0000	0.1659
20.7300	1.0000	0.2276
20.7400	1.0000	0.2157
20.7500	1.0000	0.2109
20.7600	1.0000	0.2206
20.7700	1.0000	0.2532
20.7800	1.0000	0.2345
20.7900	1.0000	0.1924
20.8000	1.0000	0.2476
20.8100	1.0000	0.2499
20.8200	1.0000	0.2290
20.8300	1.0000	0.2751
20.8400	1.0000	0.2610
20.8500	1.0000	0.2773
20.8600	1.0000	0.2558
20.8700	1.0000	0.2409
20.8800	1.0000	0.3136
20.8900	1.0000	0.2566
20.9000	1.0000	0.2778
20.9100	1.0000	0.3513
20.9200	1.0000	0.2880
20.9300	1.0000	0.3155
20.9400	1.0000	0.3935
20.9500	1.0000	0.3291
20.9600	1.0000	0.3654
20.9700	1.0000	0.2876
20.9800	1.0000	0.3415
20.9900	1.0000	0.3579
21.0000	1.0000	0.3332
21.0100	1.0000	0.3673
21.0200	1.0000	0.3391
21.0300	1.0000	0.3262
21.0400	1.0000	0.3469
21.0500	1.0000	0.3849
21.0600	1.0000	0.3635
21.0700	1.0000	0.3771
21.0800	1.0000	0.4178
21.0900	1.0000	0.3551
21.1000	1.0000	0.3366
21.1100	1.0000	0.4454
21.1200	1.0000	0.3782
21.1300	1.0000	0.4485
21.1400	1.0000	0.4367
21.1500	1.0000	0.3786
21.1600	1.0000	0.4084
21.1700	1.0000	0.4219
21.1800	1.0000	0.4348
21.1900	1.0000	0.4822
21.2000	1.0000	0.4076
21.2100	1.0000	0.4493
21.2200	1.0000	0.4197
21.2300	1.0000	0.4500
21.2400	1.0000	0.4719
21.2500	1.0000	0.4835
21.2600	1.0000	0.4790
21.2700	1.0000	0.4134
21.2800	1.0000	0.5444
21.2900	1.0000	0.4745
21.3000	1.0000	0.5509
21.3100	1.0000	0.5289
21.3200	1.0000	0.4663
21.3300	1.0000	0.5192
21.3400	1.0000	0.5390
21.3500	1.0000	0.4269
21.3600	1.0000	0.5079
21.3700	1.0000	0.5778
21.3800	1.0000	0.5364
21.3900	1.0000	0.5239
21.4000	1.0000	0.5570
21.4100	1.0000	0.6195
21.4200	1.0000	0.5382
21.4300	1.0000	0.6034
21.4400	1.0000	0.5833
21.4500	1.0000	0.5214
21.4600	1.0000	0.5857
21.4700	1.0000	0.5794
21.4800	1.0000	0.5752
21.4900	1.0000	0.6475
21.5000	1.0000	0.5841
21.5100	1.0000	0.5378
21.5200	1.0000	0.6036
21.5300	1.0000	0.6322
21.5400	1.0000	0.6734
21.5500	1.0000	0.6826
21.5600	1.0000	0.6409
21.5700	1.0000	0.5981
21.5800	1.0000	0.6493
21.5900	1.0000	0.6042
21.6000	1.0000	0.6302
21.6100	1.0000	0.6405
21.6200	1.0000	0.6782
21.6300	1.0000	0.6858
21.6400	1.0000	0.6848
21.6500	1.0000	0.6225
21.6600	1.0000	0.6338
21.6700	1.0000	0.6996
21.6800	1.0000	0.6539
21.6900	1.0000	0.7424
21.7000	1.0000	0.6922
21.7100	1.0000	0.7641
21.7200	1.0000	0.7264
21.7300	1.0000	0.7438
21.7400	1.0000	0.7659
21.7500	1.0000	0.7772
21.7600	1.0000	0.7716
21.7700	1.0000	0.7920
21.7800	1.0000	0.7266
21.7900	1.0000	0.7613
21.8000	1.0000	0.7903
21.8100	1.0000	0.8064
21.8200	1.0000	0.7514
21.8300	1.0000	0.7962
21.8400	1.0000	0.7388
21.8500	1.0000	0.8352
21.8600	1.0000	0.8296
21.8700	1.0000	0.8374
21.8800	1.0000	0.7706
21.8900	1.0000	0.7962
21.9000	1.0000	0.8327
21.9100	1.0000	0.7840
21.9200	1.0000	0.8493
21.9300	1.0000	0.7959
21.9400	1.0000	0.7918
21.9500	1.0000	0.8363
21.9600	1.0000	0.8733
21.9700	1.0000	0.8286
21.9800	1.0000	0.7828
21.9900	1.0000	0.8480
22.0000	1.0000	0.8957
22.0100	1.0000	0.8756
22.0200	1.0000	0.8822
22.0300	1.0000	0.8868
22.0400	1.0000	0.8753
22.0500	1.0000	0.9198
22.0600	1.0000	0.8853
22.0700	1.0000	0.8877
22.0800	1.0000	0.8671
22.0900	1.0000	0.9031
22.1000	1.0000	0.8716
22.1100	1.0000	0.9197
22.1200	1.0000	0.9207
22.1300	1.0000	0.8823
22.1400	1.0000	0.9136
22.1500	1.0000	0.9220
22.1600	1.0000	0.9400
22.1700	1.0000	0.9750
22.1800	1.0000	0.8905
22.1900	1.0000	0.9331
22.2000	1.0000	0.8910
22.2100	1.0000	0.9170
22.2200	1.0000	0.9435
22.2300	1.0000	0.9445
22.2400	1.0000	0.9352
22.2500	1.0000	0.9574
22.2600	1.0000	0.9259
22.2700	1.0000	0.9570
22.2800	1.0000	0.9654
22.2900	1.0000	0.9601
22.3000	1.0000	1.0094
22.3100	1.0000	0.9774
22.3200	1.0000	0.9683
22.3300	1.0000	1.0116
22.3400	1.0000	0.9763
22.3500	1.0000	0.9399
22.3600	1.0000	1.0137
22.3700	1.0000	1.0032
22.3800	1.0000	1.0233
22.3900	1.0000	1.0106
22.4000	1.0000	1.0871
22.4100	1.0000	1.0169
22.4200	1.0000	1.0420
22.4300	1.0000	0.9600
22.4400	1.0000	1.0543
22.4500	1.0000	1.0146
22.4600	1.0000	1.0147
22.4700	1.0000	0.9800
22.4800	1.0000	1.0062
22.4900	1.0000	1.0119
22.5000	1.0000	1.0003
22.5100	1.0000	1.0652
22.5200	1.0000	1.0745
22.5300	1.0000	1.0062
22.5400	1.0000	1.0553
22.5500	1.0000	1.0179
22.5600	1.0000	1.0085
22.5700	1.0000	1.0399
22.5800	1.0000	1.0789
22.5900	1.0000	1.0435
22.6000	1.0000	1.0508
22.6100	1.0000	1.0023
22.6200	1.0000	0.9993
22.6300	1.0000	1.0669
22.6400	1.0000	1.0666
22.6500	1.0000	1.0032
22.6600	1.0000	1.0284
22.6700	1.0000	1.0548
22.6800	1.0000	1.0693
22.6900	1.0000	1.0551
22.7000	1.0000	1.0060
22.7100	1.0000	1.0688
22.7200	1.0000	1.0366
22.7300	1.0000	1.0696
22.7400	1.0000	1.0296
22.7500	1.0000	1.0826
22.7600	1.0000	1.1254
22.7700	1.0000	1.1633
22.7800	1.0000	1.0999
22.7900	1.0000	1.1067
22.8000	1.0000	1.0689
22.8100	1.0000	1.1158
22.8200	1.0000	1.1346
22.8300	1.0000	1.1269
22.8400	1.0000	1.0780
22.8500	1.0000	1.0682
22.8600	1.0000	1.1398
22.8700	1.0000	1.1095
22.8800	1.0000	1.1237
22.8900	1.0000	1.0828
22.9000	1.0000	1.1203
22.9100	1.0000	1.0779
22.9200	1.0000	1.0684
22.9300	1.0000	1.1314
22.9400	1.0000	1.1171
22.9500	1.0000	1.1330
22.9600	1.0000	1.1300
22.9700	1.0000	1.0934
22.9800	1.0000	1.1427
22.9900	1.0000	1.1664
23.0000	1.0000	1.0594
23.0100	1.0000	1.0773
23.0200	1.0000	1.1150
23.0300	1.0000	1.0631
23.0400	1.0000	1.0697
23.0500	1.0000	1.1244
23.0600	1.0000	1.1169
23.0700	1.0000	1.1212
23.0800	1.0000	1.1920
23.0900	1.0000	1.0985
23.1000	1.0000	1.1970
23.1100	1.0000	1.1154
23.1200	1.0000	1.1503
23.1300	1.0000	1.1468
23.1400	1.0000	1.1345
23.1500	1.0000	1.1078
23.1600	1.0000	1.1575
23.1700	1.0000	1.2008
23.1800	1.0000	1.1686
23.1900	1.0000	1.1432
23.2000	1.0000	1.1579
23.2100	1.0000	1.1993
23.2200	1.0000	1.1218
23.2300	1.0000	1.1422
23.2400	1.0000	1.1529
23.2500	1.0000	1.1537
23.2600	1.0000	1.1623
23.2700	1.0000	1.1331
23.2800	1.0000	1.1562
23.2900	1.0000	1.1702
23.3000	1.0000	1.1491
23.3100	1.0000	1.1212
23.3200	1.0000	1.1793
23.3300	1.0000	1.1795
23.3400	1.0000	1.1432
23.3500	1.0000	1.1664
23.3600	1.0000	1.1788
23.3700	1.0000	1.1506
23.3800	1.0000	1.1630
23.3900	1.0000	1.1669
23.4000	1.0000	1.2455
23.4100	1.0000	1.1486
23.4200	1.0000	1.1415
23.4300	1.0000	1.1787
23.4400	1.0000	1.1514
23.4500	1.0000	1.2278
23.4600	1.0000	1.1615
23.4700	1.0000	1.1798
23.4800	1.0000	1.1173
23.4900	1.0000	1.1007
23.5000	1.0000	1.1253
23.5100	1.0000	1.1495
23.5200	1.0000	1.1716
23.5300	1.0000	1.1447
23.5400	1.0000	1.1927
23.5500	1.0000	1.1239
23.5600	1.0000	1.1805
23.5700	1.0000	1.1440
23.5800	1.0000	1.1226
23.5900	1.0000	1.1738
23.6000	1.0000	1.1435
23.6100	1.0000	1.1268
23.6200	1.0000	1.1715
23.6300	1.0000	1.1544
23.6400	1.0000	1.1903
23.6500	1.0000	1.2565
23.6600	1.0000	1.1552
23.6700	1.0000	1.1543
23.6800	1.0000	1.1464
23.6900	1.0000	1.1916
23.7000	1.0000	1.1502
23.7100	1.0000	1.1754
23.7200	1.0000	1.2249
23.7300	1.0000	1.2059
23.7400	1.0000	1.2323
23.7500	1.0000	1.1644
23.7600	1.0000	1.1773
23.7700	1.0000	1.1464
23.7800	1.0000	1.1609
23.7900	1.0000	1.1871
23.8000	1.0000	1.1750
23.8100	1.0000	1.1739
23.8200	1.0000	1.2091
23.8300	1.0000	1.1333
23.8400	1.0000	1.1459
23.8500	1.0000	1.1488
23.8600	1.0000	1.1353
23.8700	1.0000	1.1907
23.8800	1.0000	1.1210
23.8900	1.0000	1.1446
23.9000	1.0000	1.1610
23.9100	1.0000	1.1481
23.9200	1.0000	1.1282
23.9300	1.0000	1.1835
23.9400	1.0000	1.1969
23.9500	1.0000	1.1389
23.9600	1.0000	1.2050
23.9700	1.0000	1.1558
23.9800	1.0000	1.1356
23.9900	1.0000	1.1260
24.0000	1.0000	1.1251
24.0100	1.0000	1.1372
24.0200	1.0000	1.1904
24.0300	1.0000	1.1159
24.0400	1.0000	1.1637
24.0500	1.0000	1.1515
24.0600	1.0000	1.1608
24.0700	1.0000	1.0937
24.0800	1.0000	1.1456
24.0900	1.0000	1.1666
24.1000	1.0000	1.1428
24.1100	1.0000	1.1071
24.1200	1.0000	1.1573
24.1300	1.0000	1.1697
24.1400	1.0000	1.1491
24.1500	1.0000	1.1239
24.1600	1.0000	1.1502
24.1700	1.0000	1.1707
24.1800	1.0000	1.1226
24.1900	1.0000	1.1417
24.2000	1.0000	1.1812
24.2100	1.0000	1.1010
24.2200	1.0000	1.1389
24.2300	1.0000	1.1310
24.2400	1.0000	1.1044
24.2500	1.0000	1.1748
24.2600	1.0000	1.1321
24.2700	1.0000	1.1380
24.2800	1.0000	1.1467
24.2900	1.0000	1.1635
24.3000	1.0000	1.1560
24.3100	1.0000	1.1525
24.3200	1.0000	1.1368
24.3300	1.0000	1.1942
24.3400	1.0000	1.1069
24.3500	1.0000	1.1316
24.3600	1.0000	1.0676
24.3700	1.0000	1.1051
24.3800	1.0000	1.2094
24.3900	1.0000	1.1207
24.4000	1.0000	1.1267
24.4100	1.0000	1.1580
24.4200	1.0000	1.1654
24.4300	1.0000	1.1013
24.4400	1.0000	1.1063
24.4500	1.0000	1.1123
24.4600	1.0000	1.1807
24.4700	1.0000	1.1635
24.4800	1.0000	1.1493
24.4900	1.0000	1.0771
24.5000	1.0000	1.0978
24.5100	1.0000	1.0969
24.5200	1.0000	1.1406
24.5300	1.0000	1.1128
24.5400	1.0000	1.0894
24.5500	1.0000	1.1388
24.5600	1.0000	1.0720
24.5700	1.0000	1.0990
24.5800	1.0000	1.1300
24.5900	1.0000	1.0473
24.6000	1.0000	1.0964
24.6100	1.0000	1.1215
24.6200	1.0000	1.0857
24.6300	1.0000	1.0815
24.6400	1.0000	1.0962
24.6500	1.0000	1.0817
24.6600	1.0000	1.0971
24.6700	1.0000	1.1080
24.6800	1.0000	1.1271
24.6900	1.0000	1.0735
24.7000	1.0000	1.0914
24.7100	1.0000	1.1277
24.7200	1.0000	1.0973
24.7300	1.0000	1.0906
24.7400	1.0000	1.0563
24.7500	1.0000	1.0784
24.7600	1.0000	1.0639
24.7700	1.0000	1.0745
24.7800	1.0000	1.1152
24.7900	1.0000	1.0752
24.8000	1.0000	1.0828
24.8100	1.0000	1.0778
24.8200	1.0000	1.1098
24.8300	1.0000	1.1292
24.8400	1.0000	1.1425
24.8500	1.0000	1.0699
24.8600	1.0000	1.0872
24.8700	1.0000	1.1205
24.8800	1.0000	1.0739
24.8900	1.0000	1.1029
24.9000	1.0000	1.1339
24.9100	1.0000	1.1321
24.9200	1.0000	1.0490
24.9300	1.0000	1.1076
24.9400	1.0000	1.1238
24.9500	1.0000	1.0586
24.9600	1.0000	1.0468
24.9700	1.0000	1.0752
24.9800	1.0000	1.1115
24.9900	1.0000	1.1329
25.0000	1.0000	1.0526
25.0100	1.0000	1.0580
25.0200	1.0000	1.0266
25.0300	1.0000	1.0771
25.0400	1.0000	1.0827
25.0500	1.0000	1.0500
25.0600	1.0000	1.0644
25.0700	1.0000	1.0499
25.0800	1.0000	1.1003
25.0900	1.0000	1.0948
25.1000	1.0000	1.0645
25.1100	1.0000	1.1286
25.1200	1.0000	1.0783
25.1300	1.0000	1.0492
25.1400	1.0000	1.0775
25.1500	1.0000	1.0128
25.1600	1.0000	1.0131
25.1700	1.0000	1.0802
25.1800	1.0000	1.0382
25.1900	1.0000	1.0849
25.2000	1.0000	1.0297
25.2100	1.0000	1.0243
25.2200	1.0000	1.0791
25.2300	1.0000	1.0863
25.2400	1.0000	1.0302
25.2500	1.0000	1.0577
25.2600	1.0000	1.0255
25.2700	1.0000	1.0456
25.2800	1.0000	1.0295
25.2900	1.0000	1.0526
25.3000	1.0000	1.0665
25.3100	1.0000	1.0608
25.3200	1.0000	1.0681
25.3300	1.0000	1.0912
25.3400	1.0000	1.0903
25.3500	1.0000	1.0769
25.3600	1.0000	1.0973
25.3700	1.0000	1.0525
25.3800	1.0000	1.0920
25.3900	1.0000	1.0654
25.4000	1.0000	1.0576
25.4100	1.0000	1.0113
25.4200	1.0000	1.0117
25.4300	1.0000	0.9817
25.4400	1.0000	1.0217
25.4500	1.0000	1.0584
25.4600	1.0000	0.9968
25.4700	1.0000	0.9965
25.4800	1.0000	1.0452
25.4900	1.0000	1.0788
25.5000	1.0000	1.0536
25.5100	1.0000	1.0812
25.5200	1.0000	1.0861
25.5300	1.0000	1.0410
25.5400	1.0000	0.9676
25.5500	1.0000	0.9786
25.5600	1.0000	1.0024
25.5700	1.0000	1.0579
25.5800	1.0000	1.0370
25.5900	1.0000	1.1021
25.6000	1.0000	1.0076
25.6100	1.0000	1.0585
25.6200	1.0000	0.9994
25.6300	1.0000	1.0388
25.6400	1.0000	1.0513
25.6500	1.0000	1.0118
25.6600	1.0000	1.0354
25.6700	1.0000	1.0491
25.6800	1.0000	0.9508
25.6900	1.0000	1.0482
25.7000	1.0000	0.9790
25.7100	1.0000	1.0125
25.7200	1.0000	1.0219
25.7300	1.0000	1.0613
25.7400	1.0000	1.0317
25.7500	1.0000	0.9898
25.7600	1.0000	1.0128
25.7700	1.0000	1.0026
25.7800	1.0000	1.0478
25.7900	1.0000	0.9666
25.8000	1.0000	0.9956
25.8100	1.0000	1.0173
25.8200	1.0000	1.0669
25.8300	1.0000	1.0559
25.8400	1.0000	0.9942
25.8500	1.0000	0.9972
25.8600	1.0000	0.9969
25.8700	1.0000	1.0053
25.8800	1.0000	1.0166
25.8900	1.0000	1.0142
25.9000	1.0000	1.0123
25.9100	1.0000	1.0080
25.9200	1.0000	1.0291
25.9300	1.0000	1.0309
25.9400	1.0000	0.9621
25.9500	1.0000	1.0480
25.9600	1.0000	0.9708
25.9700	1.0000	1.0189
25.9800	1.0000	0.9725
25.9900	1.0000	1.0150
26.0000	1.0000	1.0348
26.0100	1.0000	0.9826
26.0200	1.0000	1.0196
26.0300	1.0000	0.9899
26.0400	1.0000	1.0152
26.0500	1.0000	0.9902
26.0600	1.0000	0.9894
26.0700	1.0000	1.0133
26.0800	1.0000	0.9910
26.0900	1.0000	1.0125
26.1000	1.0000	1.0792
26.1100	1.0000	1.0275
26.1200	1.0000	0.9308
26.1300	1.0000	1.0216
26.1400	1.0000	1.0323
26.1500	1.0000	0.9663
26.1600	1.0000	1.0382
26.1700	1.0000	0.9912
26.1800	1.0000	1.0127
26.1900	1.0000	1.0130
26.2000	1.0000	0.9877
26.2100	1.0000	0.9611
26.2200	1.0000	1.0551
26.2300	1.0000	0.9518
26.2400	1.0000	0.9954
26.2500	1.0000	0.9906
26.2600	1.0000	1.0080
26.2700	1.0000	0.9242
26.2800	1.0000	1.0304
26.2900	1.0000	0.9822
26.3000	1.0000	1.0311
26.3100	1.0000	1.0053
26.3200	1.0000	0.9802
26.3300	1.0000	0.9801
26.3400	1.0000	0.9793
26.3500	1.0000	1.0287
26.3600	1.0000	1.0170
26.3700	1.0000	0.9909
26.3800	1.0000	0.9133
26.3900	1.0000	0.9875
26.4000	1.0000	0.9456
26.4100	1.0000	1.0231
26.4200	1.0000	0.9761
26.4300	1.0000	0.9971
26.4400	1.0000	0.9738
26.4500	1.0000	0.9774
26.4600	1.0000	0.9595
26.4700	1.0000	0.9370
26.4800	1.0000	0.9648
26.4900	1.0000	1.0097
26.5000	1.0000	0.9336
26.5100	1.0000	0.9590
26.5200	1.0000	0.9868
26.5300	1.0000	0.9983
26.5400	1.0000	0.9871
26.5500	1.0000	0.9373
26.5600	1.0000	0.9853
26.5700	1.0000	0.9835
26.5800	1.0000	0.9614
26.5900	1.0000	0.9779
26.6000	1.0000	0.9916
26.6100	1.0000	0.9399
26.6200	1.0000	0.9263
26.6300	1.0000	0.9710
26.6400	1.0000	1.0082
26.6500	1.0000	0.9176
26.6600	1.0000	1.0052
26.6700	1.0000	0.9971
26.6800	1.0000	0.9813
26.6900	1.0000	0.9789
26.7000	1.0000	0.9623
26.7100	1.0000	0.9607
26.7200	1.0000	0.9553
26.7300	1.0000	0.9905
26.7400	1.0000	0.9651
26.7500	1.0000	1.0163
26.7600	1.0000	1.0093
26.7700	1.0000	0.9643
26.7800	1.0000	0.9590
26.7900	1.0000	0.9586
26.8000	1.0000	0.9687
26.8100	1.0000	0.9778
26.8200	1.0000	0.9845
26.8300	1.0000	0.9775
26.8400	1.0000	1.0111
26.8500	1.0000	1.0315
26.8600	1.0000	0.9773
26.8700	1.0000	0.9869
26.8800	1.0000	0.9568
26.8900	1.0000	1.0378
26.9000	1.0000	0.9583
26.9100	1.0000	0.9534
26.9200	1.0000	0.9807
26.9300	1.0000	0.9892
26.9400	1.0000	0.9067
26.9500	1.0000	0.9996
26.9600	1.0000	0.9815
26.9700	1.0000	0.9647
26.9800	1.0000	0.9945
26.9900	1.0000	0.9767
27.0000	1.0000	0.9827
27.0100	1.0000	0.9376
27.0200	1.0000	0.9811
27.0300	1.0000	0.9044
27.0400	1.0000	0.9407
27.0500	1.0000	1.0129
27.0600	1.0000	0.9613
27.0700	1.0000	0.9485
27.0800	1.0000	0.9481
27.0900	1.0000	0.9571
27.1000	1.0000	1.0015
27.1100	1.0000	0.9696
27.1200	1.0000	0.9646
27.1300	1.0000	0.9818
27.1400	1.0000	0.9523
27.1500	1.0000	1.0009
27.1600	1.0000	0.9557
27.1700	1.0000	0.9239
27.1800	1.0000	1.0291
27.1900	1.0000	0.9464
27.2000	1.0000	1.0158
27.2100	1.0000	0.9449
27.2200	1.0000	0.9982
27.2300	1.0000	0.9561
27.2400	1.0000	0.9832
27.2500	1.0000	0.9406
27.2600	1.0000	0.9678
27.2700	1.0000	0.9823
27.2800	1.0000	0.9606
27.2900	1.0000	0.9496
27.3000	1.0000	0.9790
27.3100	1.0000	0.9330
27.3200	1.0000	1.0072
27.3300	1.0000	0.9725
27.3400	1.0000	0.9609
27.3500	1.0000	0.9871
27.3600	1.0000	1.0449
27.3700	1.0000	0.9357
27.3800	1.0000	1.0055
27.3900	1.0000	0.9928
27.4000	1.0000	0.9867
27.4100	1.0000	1.0151
27.4200	1.0000	1.0035
27.4300	1.0000	0.9483
27.4400	1.0000	0.9548
27.4500	1.0000	0.9593
27.4600	1.0000	0.9726
27.4700	1.0000	0.9942
27.4800	1.0000	0.9497
27.4900	1.0000	0.9293
27.5000	1.0000	0.9529
27.5100	1.0000	0.9152
27.5200	1.0000	1.0128
27.5300	1.0000	0.9464
27.5400	1.0000	0.9565
27.5500	1.0000	1.0079
27.5600	1.0000	0.9714
27.5700	1.0000	1.0146
27.5800	1.0000	0.9639
27.5900	1.0000	0.9953
27.6000	1.0000	0.9904
27.6100	1.0000	0.9257
27.6200	1.0000	0.9169
27.6300	1.0000	1.0281
27.6400	1.0000	0.9668
27.6500	1.0000	0.9504
27.6600	1.0000	1.0208
27.6700	1.0000	0.9527
27.6800	1.0000	0.9655
27.6900	1.0000	0.9259
27.7000	1.0000	0.9950
27.7100	1.0000	0.9537
27.7200	1.0000	0.9793
27.7300	1.0000	0.9126
27.7400	1.0000	0.9820
27.7500	1.0000	0.9721
27.7600	1.0000	0.9746
27.7700	1.0000	0.9475
27.7800	1.0000	0.9671
27.7900	1.0000	1.0177
27.8000	1.0000	0.9402
27.8100	1.0000	0.9799
27.8200	1.0000	0.9752
27.8300	1.0000	0.9562
27.8400	1.0000	0.9766
27.8500	1.0000	0.9527
27.8600	1.0000	0.9920
27.8700	1.0000	1.0150
27.8800	1.0000	0.9982
27.8900	1.0000	0.9541
27.9000	1.0000	0.9904
27.9100	1.0000	0.9365
27.9200	1.0000	0.9663
27.9300	1.0000	1.0447
27.9400	1.0000	1.0166
27.9500	1.0000	0.9939
27.9600	1.0000	0.9909
27.9700	1.0000	0.9893
27.9800	1.0000	0.9325
27.9900	1.0000	1.0233
28.0000	1.0000	0.9811
28.0100	1.0000	0.9763
28.0200	1.0000	1.0000
28.0300	1.0000	1.0071
28.0400	1.0000	1.0277
28.0500	1.0000	0.9951
28.0600	1.0000	0.9819
28.0700	1.0000	1.0172
28.0800	1.0000	0.9682
28.0900	1.0000	0.9605
28.1000	1.0000	1.0172
28.1100	1.0000	0.9729
28.1200	1.0000	0.9875
28.1300	1.0000	0.9486
28.1400	1.0000	1.0197
28.1500	1.0000	0.9787
28.1600	1.0000	0.9689
28.1700	1.0000	0.9912
28.1800	1.0000	1.0026
28.1900	1.0000	0.9310
28.2000	1.0000	0.9485
28.2100	1.0000	0.9671
28.2200	1.0000	0.9703
28.2300	1.0000	1.0119
28.2400	1.0000	0.9946
28.2500	1.0000	0.9391
28.2600	1.0000	0.9693
28.2700	1.0000	0.9773
28.2800	1.0000	0.9781
28.2900	1.0000	0.9607
28.3000	1.0000	0.9768
28.3100	1.0000	0.9429
28.3200	1.0000	1.0043
28.3300	1.0000	0.9318
28.3400	1.0000	0.9803
28.3500	1.0000	0.9877
28.3600	1.0000	0.9834
28.3700	1.0000	0.9892
28.3800	1.0000	0.9360
28.3900	1.0000	0.9725
28.4000	1.0000	1.0316
28.4100	1.0000	0.9544
28.4200	1.0000	0.8985
28.4300	1.0000	0.9399
28.4400	1.0000	0.9891
28.4500	1.0000	1.0212
28.4600	1.0000	1.0218
28.4700	1.0000	0.9905
28.4800	1.0000	1.0476
28.4900	1.0000	1.0263
28.5000	1.0000	0.9909
28.5100	1.0000	0.9804
28.5200	1.0000	0.9519
28.5300	1.0000	0.9632
28.5400	1.0000	0.9577
28.5500	1.0000	0.9726
28.5600	1.0000	0.9559
28.5700	1.0000	0.9472
28.5800	1.0000	1.0500
28.5900	1.0000	0.9732
28.6000	1.0000	0.9536
28.6100	1.0000	1.0006
28.6200	1.0000	0.8688
28.6300	1.0000	0.9382
28.6400	1.0000	0.9801
28.6500	1.0000	0.9425
28.6600	1.0000	0.9691
28.6700	1.0000	0.9887
28.6800	1.0000	0.9587
28.6900	1.0000	0.9560
28.7000	1.0000	1.0185
28.7100	1.0000	1.0223
28.7200	1.0000	1.0318
28.7300	1.0000	0.9777
28.7400	1.0000	1.0159
28.7500	1.0000	0.9487
28.7600	1.0000	1.0175
28.7700	1.0000	0.9928
28.7800	1.0000	0.9496
28.7900	1.0000	1.0166
28.8000	1.0000	1.0093
28.8100	1.0000	0.9942
28.8200	1.0000	0.9528
28.8300	1.0000	0.9703
28.8400	1.0000	0.9834
28.8500	1.0000	1.0655
28.8600	1.0000	0.9784
28.8700	1.0000	0.9847
28.8800	1.0000	0.9826
28.8900	1.0000	1.0395
28.9000	1.0000	0.9500
28.9100	1.0000	0.9969
28.9200	1.0000	0.9756
28.9300	1.0000	0.9294
28.9400	1.0000	0.9477
28.9500	1.0000	1.0110
28.9600	1.0000	0.9760
28.9700	1.0000	1.0238
28.9800	1.0000	1.0050
28.9900	1.0000	0.9647
29.0000	1.0000	0.9937
29.0100	1.0000	0.9775
29.0200	1.0000	0.9806
29.0300	1.0000	1.0296
29.0400	1.0000	0.9793
29.0500	1.0000	0.9987
29.0600	1.0000	1.0136
29.0700	1.0000	0.9758
29.0800	1.0000	0.9774
29.0900	1.0000	0.9799
29.1000	1.0000	0.9829
29.1100	1.0000	1.0471
29.1200	1.0000	1.0986
29.1300	1.0000	0.9812
29.1400	1.0000	0.9555
29.1500	1.0000	0.9968
29.1600	1.0000	0.9998
29.1700	1.0000	1.0108
29.1800	1.0000	1.0060
29.1900	1.0000	0.9310
29.2000	1.0000	1.0630
29.2100	1.0000	1.0031
29.2200	1.0000	1.0189
29.2300	1.0000	0.9346
29.2400	1.0000	0.9914
29.2500	1.0000	0.9570
29.2600	1.0000	0.9660
29.2700	1.0000	0.9813
29.2800	1.0000	1.0345
29.2900	1.0000	1.0020
29.3000	1.0000	1.0075
29.3100	1.0000	1.0531
29.3200	1.0000	1.0115
29.3300	1.0000	0.9559
29.3400	1.0000	1.0530
29.3500	1.0000	0.9760
29.3600	1.0000	0.9954
29.3700	1.0000	1.0253
29.3800	1.0000	1.0372
29.3900	1.0000	1.0159
29.4000	1.0000	0.9835
29.4100	1.0000	0.9353
29.4200	1.0000	1.0101
29.4300	1.0000	0.9703
29.4400	1.0000	1.0590
29.4500	1.0000	0.9978
29.4600	1.0000	1.0635
29.4700	1.0000	0.9711
29.4800	1.0000	0.9798
29.4900	1.0000	0.9912
29.5000	1.0000	0.9724
29.5100	1.0000	0.9705
29.5200	1.0000	0.9958
29.5300	1.0000	1.0190
29.5400	1.0000	0.9927
29.5500	1.0000	1.0495
29.5600	1.0000	0.9725
29.5700	1.0000	1.0288
29.5800	1.0000	1.0472
29.5900	1.0000	0.9995
29.6000	1.0000	1.0477
29.6100	1.0000	0.9427
29.6200	1.0000	0.9800
29.6300	1.0000	0.9313
29.6400	1.0000	0.9602
29.6500	1.0000	0.9708
29.6600	1.0000	0.9990
29.6700	1.0000	0.9966
29.6800	1.0000	1.0298
29.6900	1.0000	0.9806
29.7000	1.0000	1.0019
29.7100	1.0000	1.0429
29.7200	1.0000	1.0092
29.7300	1.0000	0.9928
29.7400	1.0000	0.9979
29.7500	1.0000	0.9805
29.7600	1.0000	1.0518
29.7700	1.0000	0.9742
29.7800	1.0000	0.9564
29.7900	1.0000	0.9632
29.8000	1.0000	0.9880
29.8100	1.0000	0.9747
29.8200	1.0000	0.9605
29.8300	1.0000	0.9952
29.8400	1.0000	0.9919
29.8500	1.0000	1.0642
29.8600	1.0000	1.0330
29.8700	1.0000	0.9719
29.8800	1.0000	1.0212
29.8900	1.0000	1.0857
29.9000	1.0000	0.9628
29.9100	1.0000	0.9743
29.9200	1.0000	0.9798
29.9300	1.0000	1.0432
29.9400	1.0000	1.0143
29.9500	1.0000	1.0314
29.9600	1.0000	1.0129
29.9700	1.0000	1.0555
29.9800	1.0000	1.0285
29.9900	1.0000	1.0426
30.0000	1.0000	1.0041
30.0100	1.0000	0.9710
30.0200	1.0000	1.0137
30.0300	1.0000	0.9637
30.0400	1.0000	1.0117
30.0500	1.0000	1.0233
30.0600	1.0000	0.9917
30.0700	1.0000	1.0054
30.0800	1.0000	0.9535
30.0900	1.0000	1.0422
30.1000	1.0000	1.0101
30.1100	1.0000	0.9541
30.1200	1.0000	0.9989
30.1300	1.0000	0.9885
30.1400	1.0000	1.0200
30.1500	1.0000	0.9794
30.1600	1.0000	1.0011
30.1700	1.0000	0.9975
30.1800	1.0000	1.0251
30.1900	1.0000	0.9443
30.2000	1.0000	1.0549
30.2100	1.0000	0.9595
30.2200	1.0000	1.0259
30.2300	1.0000	0.9408
30.2400	1.0000	0.9748
30.2500	1.0000	0.9941
30.2600	1.0000	0.9861
30.2700	1.0000	1.0018
30.2800	1.0000	0.9939
30.2900	1.0000	1.0103
30.3000	1.0000	1.0433
30.3100	1.0000	1.0403
30.3200	1.0000	1.0316
30.3300	1.0000	1.0199
30.3400	1.0000	1.0036
30.3500	1.0000	1.0463
30.3600	1.0000	0.9593
30.3700	1.0000	0.9753
30.3800	1.0000	1.0082
30.3900	1.0000	0.9925
30.4000	1.0000	0.9936
30.4100	1.0000	1.0408
30.4200	1.0000	0.9891
30.4300	1.0000	0.9923
30.4400	1.0000	0.9871
30.4500	1.0000	1.0113
30.4600	1.0000	0.9934
30.4700	1.0000	0.9724
30.4800	1.0000	1.0171
30.4900	1.0000	0.9497
30.5000	1.0000	1.0041
30.5100	1.0000	0.9963
30.5200	1.0000	1.0148
30.5300	1.0000	1.0729
30.5400	1.0000	1.0088
30.5500	1.0000	1.0374
30.5600	1.0000	0.9905
30.5700	1.0000	0.9906
30.5800	1.0000	0.9998
30.5900	1.0000	0.9807
30.6000	1.0000	0.9281
30.6100	1.0000	1.0618
30.6200	1.0000	0.9977
30.6300	1.0000	1.0500
30.6400	1.0000	1.0087
30.6500	1.0000	0.9957
30.6600	1.0000	0.9863
30.6700	1.0000	1.0005
30.6800	1.0000	0.9769
30.6900	1.0000	1.0407
30.7000	1.0000	0.9572
30.7100	1.0000	1.0408
30.7200	1.0000	1.0612
30.7300	1.0000	0.9942
30.7400	1.0000	0.9317
30.7500	1.0000	1.0067
30.7600	1.0000	0.9638
30.7700	1.0000	0.9759
30.7800	1.0000	0.9870
30.7900	1.0000	1.0222
30.8000	1.0000	1.0397
30.8100	1.0000	0.9875
30.8200	1.0000	0.9867
30.8300	1.0000	1.0496
30.8400	1.0000	1.0214
30.8500	1.0000	0.9759
30.8600	1.0000	0.9883
30.8700	1.0000	1.0020
30.8800	1.0000	0.9837
30.8900	1.0000	0.9858
30.9000	1.0000	1.0398
30.9100	1.0000	1.0271
30.9200	1.0000	1.0119
30.9300	1.0000	0.9967
30.9400	1.0000	1.0681
30.9500	1.0000	1.0151
30.9600	1.0000	0.9753
30.9700	1.0000	1.0848
30.9800	1.0000	1.0070
30.9900	1.0000	1.0428
31.0000	1.0000	1.0739
31.0100	1.0000	1.0073
31.0200	1.0000	1.0431
31.0300	1.0000	0.9483
31.0400	1.0000	1.0374
31.0500	1.0000	1.0161
31.0600	1.0000	0.9674
31.0700	1.0000	1.1138
31.0800	1.0000	1.0310
31.0900	1.0000	1.0039
31.1000	1.0000	1.0288
31.1100	1.0000	0.9719
31.1200	1.0000	1.0152
31.1300	1.0000	1.0081
31.1400	1.0000	0.9950
31.1500	1.0000	0.9774
31.1600	1.0000	0.9720
31.1700	1.0000	1.1064
31.1800	1.0000	1.0260
31.1900	1.0000	0.9698
31.2000	1.0000	1.0065
31.2100	1.0000	1.0498
31.2200	1.0000	0.9783
31.2300	1.0000	1.0722
31.2400	1.0000	1.0374
31.2500	1.0000	0.9916
31.2600	1.0000	0.9783
31.2700	1.0000	0.9826
31.2800	1.0000	0.9800
31.2900	1.0000	1.0278
31.3000	1.0000	1.0046
31.3100	1.0000	0.9988
31.3200	1.0000	1.0092
31.3300	1.0000	0.9543
31.3400	1.0000	0.9762
31.3500	1.0000	1.0120
31.3600	1.0000	0.9978
31.3700	1.0000	1.0092
31.3800	1.0000	0.9824
31.3900	1.0000	0.9731
31.4000	1.0000	0.9625
31.4100	1.0000	1.0013
31.4200	1.0000	1.0187
31.4300	1.0000	1.0473
31.4400	1.0000	1.0664
31.4500	1.0000	1.0150
31.4600	1.0000	0.9651
31.4700	1.0000	0.9938
31.4800	1.0000	1.0355
31.4900	1.0000	0.9884
31.5000	1.0000	1.0027
31.5100	1.0000	0.9777
31.5200	1.0000	1.0203
31.5300	1.0000	0.9809
31.5400	1.0000	1.0128
31.5500	1.0000	0.9843
31.5600	1.0000	0.9888
31.5700	1.0000	1.0443
31.5800	1.0000	0.9839
31.5900	1.0000	1.0207
31.6000	1.0000	1.0689
31.6100	1.0000	0.9821
31.6200	1.0000	1.0090
31.6300	1.0000	0.9801
31.6400	1.0000	0.9774
31.6500	1.0000	1.0105
31.6600	1.0000	1.0066
31.6700	1.0000	1.0266
31.6800	1.0000	0.9889
31.6900	1.0000	1.0115
31.7000	1.0000	1.0501
31.7100	1.0000	1.0711
31.7200	1.0000	0.9983
31.7300	1.0000	0.9484
31.7400	1.0000	0.9491
31.7500	1.0000	0.9928
31.7600	1.0000	0.9760
31.7700	1.0000	0.9777
31.7800	1.0000	1.0042
31.7900	1.0000	0.9786
31.8000	1.0000	0.9870
31.8100	1.0000	0.9596
31.8200	1.0000	0.9714
31.8300	1.0000	1.0333
31.8400	1.0000	1.0057
31.8500	1.0000	1.0228
31.8600	1.0000	1.0215
31.8700	1.0000	0.9655
31.8800	1.0000	0.9964
31.8900	1.0000	0.9797
31.9000	1.0000	1.0128
31.9100	1.0000	1.0350
31.9200	1.0000	1.0418
31.9300	1.0000	0.9704
31.9400	1.0000	0.9644
31.9500	1.0000	0.9424
31.9600	1.0000	1.0105
31.9700	1.0000	0.9265
31.9800	1.0000	1.0477
31.9900	1.0000	1.0570
32.0000	1.0000	0.9609
32.0100	1.0000	1.0027
32.0200	1.0000	0.9619
32.0300	1.0000	1.0084
32.0400	1.0000	0.9547
32.0500	1.0000	1.0768
32.0600	1.0000	0.9832
32.0700	1.0000	0.9897
32.0800	1.0000	0.9913
32.0900	1.0000	1.0120
32.1000	1.0000	0.9816
32.1100	1.0000	1.0189
32.1200	1.0000	1.0569
32.1300	1.0000	0.9761
32.1400	1.0000	0.9930
32.1500	1.0000	0.9992
32.1600	1.0000	1.0273
32.1700	1.0000	0.9985
32.1800	1.0000	0.9793
32.1900	1.0000	1.0287
32.2000	1.0000	0.9688
32.2100	1.0000	1.0095
32.2200	1.0000	0.9851
32.2300	1.0000	0.9906
32.2400	1.0000	1.0587
32.2500	1.0000	0.9389
32.2600	1.0000	1.0217
32.2700	1.0000	1.0346
32.2800	1.0000	1.0593
32.2900	1.0000	0.9874
32.3000	1.0000	0.9739
32.3100	1.0000	0.9755
32.3200	1.0000	1.0213
32.3300	1.0000	1.0404
32.3400	1.0000	0.9718
32.3500	1.0000	1.0521
32.3600	1.0000	0.9788
32.3700	1.0000	0.9843
32.3800	1.0000	1.0211
32.3900	1.0000	1.0269
32.4000	1.0000	1.0131
32.4100	1.0000	1.0066
32.4200	1.0000	0.9269
32.4300	1.0000	0.9839
32.4400	1.0000	1.0360
32.4500	1.0000	0.9348
32.4600	1.0000	1.0182
32.4700	1.0000	1.0252
32.4800	1.0000	1.0352
32.4900	1.0000	0.9864
32.5000	1.0000	1.0257
32.5100	1.0000	0.9607
32.5200	1.0000	0.9958
32.5300	1.0000	0.9940
32.5400	1.0000	1.0073
32.5500	1.0000	1.0635
32.5600	1.0000	1.0323
32.5700	1.0000	0.9581
32.5800	1.0000	0.9940
32.5900	1.0000	1.0178
32.6000	1.0000	0.9868
32.6100	1.0000	1.0298
32.6200	1.0000	1.0323
32.6300	1.0000	0.9704
32.6400	1.0000	1.0025
32.6500	1.0000	1.0124
32.6600	1.0000	0.9610
32.6700	1.0000	0.9636
32.6800	1.0000	1.0323
32.6900	1.0000	1.0079
32.7000	1.0000	1.0416
32.7100	1.0000	0.9798
32.7200	1.0000	1.0173
32.7300	1.0000	1.0023
32.7400	1.0000	1.0300
32.7500	1.0000	1.0171
32.7600	1.0000	1.0261
32.7700	1.0000	0.9916
32.7800	1.0000	1.0133
32.7900	1.0000	0.9965
32.8000	1.0000	1.0163
32.8100	1.0000	0.9567
32.8200	1.0000	1.0659
32.8300	1.0000	0.9981
32.8400	1.0000	1.0518
32.8500	1.0000	0.9633
32.8600	1.0000	0.9608
32.8700	1.0000	0.9698
32.8800	1.0000	1.0039
32.8900	1.0000	1.0003
32.9000	1.0000	0.9895
32.9100	1.0000	0.9589
32.9200	1.0000	1.0012
32.9300	1.0000	1.0009
32.9400	1.0000	0.9863
32.9500	1.0000	0.9737
32.9600	1.0000	1.0171
32.9700	1.0000	1.0200
32.9800	1.0000	1.0128
32.9900	1.0000	0.9657
33.0000	1.0000	0.9974
33.0100	1.0000	1.0457
33.0200	1.0000	1.0249
33.0300	1.0000	1.0035
33.0400	1.0000	1.0072
33.0500	1.0000	0.9756
33.0600	1.0000	0.9275
33.0700	1.0000	0.9709
33.0800	1.0000	0.9920
33.0900	1.0000	0.9660
33.1000	1.0000	0.9890
33.1100	1.0000	1.0505
33.1200	1.0000	1.0227
33.1300	1.0000	0.9837
33.1400	1.0000	1.0012
33.1500	1.0000	1.0245
33.1600	1.0000	1.0085
33.1700	1.0000	1.0261
33.1800	1.0000	0.9959
33.1900	1.0000	1.0029
33.2000	1.0000	1.0231
33.2100	1.0000	1.0112
33.2200	1.0000	1.0328
33.2300	1.0000	0.9801
33.2400	1.0000	1.0090
33.2500	1.0000	0.9939
33.2600	1.0000	0.9997
33.2700	1.0000	0.9882
33.2800	1.0000	1.0420
33.2900	1.0000	0.9971
33.3000	1.0000	1.0157
33.3100	1.0000	0.9154
33.3200	1.0000	1.0208
33.3300	1.0000	0.9449
33.3400	1.0000	0.9347
33.3500	1.0000	1.0464
33.3600	1.0000	1.0300
33.3700	1.0000	0.9895
33.3800	1.0000	0.9446
33.3900	1.0000	0.9768
33.4000	1.0000	0.9859
33.4100	1.0000	1.0417
33.4200	1.0000	1.0040
33.4300	1.0000	1.0019
33.4400	1.0000	1.0062
33.4500	1.0000	1.0136
33.4600	1.0000	1.0789
33.4700	1.0000	0.9871
33.4800	1.0000	0.9729
33.4900	1.0000	1.0198
33.5000	1.0000	1.0439
33.5100	1.0000	0.9910
33.5200	1.0000	0.9886
33.5300	1.0000	1.0293
33.5400	1.0000	0.9739
33.5500	1.0000	1.0069
33.5600	1.0000	1.0308
33.5700	1.0000	0.9959
33.5800	1.0000	1.0046
33.5900	1.0000	1.0092
33.6000	1.0000	0.9813
33.6100	1.0000	0.9967
33.6200	1.0000	1.0292
33.6300	1.0000	1.0521
33.6400	1.0000	1.0156
33.6500	1.0000	0.9932
33.6600	1.0000	0.9510
33.6700	1.0000	1.0003
33.6800	1.0000	0.9384
33.6900	1.0000	0.9736
33.7000	1.0000	1.0139
33.7100	1.0000	0.9463
33.7200	1.0000	1.0214
33.7300	1.0000	0.9755
33.7400	1.0000	1.0440
33.7500	1.0000	0.9646
33.7600	1.0000	0.9628
33.7700	1.0000	0.9251
33.7800	1.0000	1.0200
33.7900	1.0000	1.0089
33.8000	1.0000	0.9967
33.8100	1.0000	1.0342
33.8200	1.0000	1.0139
33.8300	1.0000	0.9058
33.8400	1.0000	0.9977
33.8500	1.0000	0.9822
33.8600	1.0000	1.0139
33.8700	1.0000	0.9897
33.8800	1.0000	1.0226
33.8900	1.0000	1.0096
33.9000	1.0000	1.0209
33.9100	1.0000	0.9914
33.9200	1.0000	1.0207
33.9300	1.0000	1.0030
33.9400	1.0000	1.0261
33.9500	1.0000	1.0028
33.9600	1.0000	1.0468
33.9700	1.0000	1.0677
33.9800	1.0000	1.0442
33.9900	1.0000	1.0015
34.0000	1.0000	0.9566
34.0100	1.0000	1.0266
34.0200	1.0000	0.9950
34.0300	1.0000	1.0376
34.0400	1.0000	1.0368
34.0500	1.0000	1.0052
34.0600	1.0000	0.9981
34.0700	1.0000	1.0054
34.0800	1.0000	0.9798
34.0900	1.0000	1.0051
34.1000	1.0000	0.9874
34.1100	1.0000	0.9918
34.1200	1.0000	0.9632
34.1300	1.0000	1.0840
34.1400	1.0000	0.9697
34.1500	1.0000	1.0011
34.1600	1.0000	1.0410
34.1700	1.0000	0.9960
34.1800	1.0000	0.9507
34.1900	1.0000	0.9904
34.2000	1.0000	1.0054
34.2100	1.0000	0.9536
34.2200	1.0000	1.0155
34.2300	1.0000	0.9708
34.2400	1.0000	1.0007
34.2500	1.0000	0.9507
34.2600	1.0000	1.0044
34.2700	1.0000	1.0301
34.2800	1.0000	0.9941
34.2900	1.0000	1.0507
34.3000	1.0000	1.0132
34.3100	1.0000	0.9111
34.3200	1.0000	1.0306
34.3300	1.0000	0.9841
34.3400	1.0000	0.9464
34.3500	1.0000	1.0311
34.3600	1.0000	0.9608
34.3700	1.0000	1.0585
34.3800	1.0000	1.0155
34.3900	1.0000	0.9900
34.4000	1.0000	1.0248
34.4100	1.0000	0.9980
34.4200	1.0000	1.0120
34.4300	1.0000	1.0004
34.4400	1.0000	1.0307
34.4500	1.0000	0.9736
34.4600	1.0000	1.0142
34.4700	1.0000	1.0272
34.4800	1.0000	0.9845
34.4900	1.0000	0.9992
34.5000	1.0000	0.9870
34.5100	1.0000	1.0491
34.5200	1.0000	0.9986
34.5300	1.0000	0.9961
34.5400	1.0000	0.9919
34.5500	1.0000	1.0212
34.5600	1.0000	0.9228
34.5700	1.0000	0.9146
34.5800	1.0000	1.0559
34.5900	1.0000	0.9730
34.6000	1.0000	0.9947
34.6100	1.0000	1.0353
34.6200	1.0000	0.9791
34.6300	1.0000	0.9939
34.6400	1.0000	1.0108
34.6500	1.0000	1.0471
34.6600	1.0000	1.0329
34.6700	1.0000	1.0395
34.6800	1.0000	0.9852
34.6900	1.0000	1.0229
34.7000	1.0000	0.9633
34.7100	1.0000	0.9915
34.7200	1.0000	0.9844
34.7300	1.0000	0.9462
34.7400	1.0000	1.0484
34.7500	1.0000	0.9494
34.7600	1.0000	0.9809
34.7700	1.0000	0.9736
34.7800	1.0000	1.0125
34.7900	1.0000	1.0243
34.8000	1.0000	1.0188
34.8100	1.0000	0.9778
34.8200	1.0000	1.0089
34.8300	1.0000	1.0280
34.8400	1.0000	0.9885
34.8500	1.0000	1.0077
34.8600	1.0000	0.9799
34.8700	1.0000	1.0059
34.8800	1.0000	1.0308
34.8900	1.0000	1.0078
34.9000	1.0000	1.0032
34.9100	1.0000	0.9502
34.9200	1.0000	0.9528
34.9300	1.0000	0.9927
34.9400	1.0000	0.9976
34.9500	1.0000	1.0119
34.9600	1.0000	0.9552
34.9700	1.0000	1.0087
34.9800	1.0000	1.0378
34.9900	1.0000	1.0022
35.0000	1.0000	1.0535
35.0100	1.0000	0.9997
35.0200	1.0000	1.0112
35.0300	1.0000	1.0456
35.0400	1.0000	0.9878
35.0500	1.0000	0.9600
35.0600	1.0000	0.9387
35.0700	1.0000	1.0113
35.0800	1.0000	1.0147
35.0900	1.0000	0.9535
35.1000	1.0000	0.9903
35.1100	1.0000	0.9796
35.1200	1.0000	0.9816
35.1300	1.0000	0.9995
35.1400	1.0000	0.9980
35.1500	1.0000	1.0352
35.1600	1.0000	0.9911
35.1700	1.0000	0.9706
35.1800	1.0000	1.0242
35.1900	1.0000	1.0047
35.2000	1.0000	1.0155
35.2100	1.0000	1.0292
35.2200	1.0000	0.8997
35.2300	1.0000	0.9802
35.2400	1.0000	0.9477
35.2500	1.0000	0.9873
35.2600	1.0000	0.9856
35.2700	1.0000	1.0456
35.2800	1.0000	0.9670
35.2900	1.0000	1.0308
35.3000	1.0000	1.0266
35.3100	1.0000	0.9738
35.3200	1.0000	1.0005
35.3300	1.0000	1.0252
35.3400	1.0000	1.0136
35.3500	1.0000	0.9961
35.3600	1.0000	1.0195
35.3700	1.0000	0.9890
35.3800	1.0000	1.0037
35.3900	1.0000	1.0050
35.4000	1.0000	0.9968
35.4100	1.0000	0.9461
35.4200	1.0000	0.9392
35.4300	1.0000	1.0048
35.4400	1.0000	0.9717
35.4500	1.0000	1.0008
35.4600	1.0000	1.0151
35.4700	1.0000	0.9950
35.4800	1.0000	1.0723
35.4900	1.0000	0.9990
35.5000	1.0000	1.0755
35.5100	1.0000	1.0148
35.5200	1.0000	0.9623
35.5300	1.0000	1.0023
35.5400	1.0000	0.9865
35.5500	1.0000	0.9777
35.5600	1.0000	1.0071
35.5700	1.0000	1.0194
35.5800	1.0000	1.0608
35.5900	1.0000	1.0564
35.6000	1.0000	0.9937
35.6100	1.0000	1.0037
35.6200	1.0000	1.0111
35.6300	1.0000	0.9951
35.6400	1.0000	1.0188
35.6500	1.0000	1.0287
35.6600	1.0000	1.0262
35.6700	1.0000	1.0263
35.6800	1.0000	0.9460
35.6900	1.0000	0.9962
35.7000	1.0000	1.0063
35.7100	1.0000	0.9777
35.7200	1.0000	1.0862
35.7300	1.0000	0.9523
35.7400	1.0000	0.9713
35.7500	1.0000	1.0273
35.7600	1.0000	0.9717
35.7700	1.0000	1.0533
35.7800	1.0000	1.0383
35.7900	1.0000	0.9913
35.8000	1.0000	1.0123
35.8100	1.0000	0.9897
35.8200	1.0000	0.9577
35.8300	1.0000	1.0447
35.8400	1.0000	0.9881
35.8500	1.0000	0.9875
35.8600	1.0000	0.9851
35.8700	1.0000	0.9235
35.8800	1.0000	0.9889
35.8900	1.0000	1.0693
35.9000	1.0000	0.9706
35.9100	1.0000	1.0512
35.9200	1.0000	1.0428
35.9300	1.0000	1.0318
35.9400	1.0000	0.9650
35.9500	1.0000	1.0005
35.9600	1.0000	1.0070
35.9700	1.0000	1.0188
35.9800	1.0000	0.9815
35.9900	1.0000	0.9489
36.0000	1.0000	1.0222
36.0100	1.0000	0.9902
36.0200	1.0000	1.0490
36.0300	1.0000	0.9607
36.0400	1.0000	0.9808
36.0500	1.0000	0.9967
36.0600	1.0000	0.9630
36.0700	1.0000	0.9531
36.0800	1.0000	1.0343
36.0900	1.0000	1.0368
36.1000	1.0000	1.0070
36.1100	1.0000	0.9915
36.1200	1.0000	0.9635
36.1300	1.0000	1.0242
36.1400	1.0000	1.0097
36.1500	1.0000	0.9460
36.1600	1.0000	1.0146
36.1700	1.0000	1.0234
36.1800	1.0000	0.9697
36.1900	1.0000	0.9990
36.2000	1.0000	1.0153
36.2100	1.0000	1.0270
36.2200	1.0000	1.0237
36.2300	1.0000	1.0124
36.2400	1.0000	0.9967
36.2500	1.0000	0.9160
36.2600	1.0000	0.9559
36.2700	1.0000	0.9545
36.2800	1.0000	1.0143
36.2900	1.0000	0.9855
36.3000	1.0000	0.9692
36.3100	1.0000	0.9776
36.3200	1.0000	0.9766
36.3300	1.0000	0.9877
36.3400	1.0000	1.0411
36.3500	1.0000	0.9756
36.3600	1.0000	1.0210
36.3700	1.0000	0.9981
36.3800	1.0000	1.0230
36.3900	1.0000	1.0505
36.4000	1.0000	0.9970
36.4100	1.0000	0.9844
36.4200	1.0000	1.0164
36.4300	1.0000	1.0061
36.4400	1.0000	1.0125
36.4500	1.0000	0.9741
36.4600	1.0000	1.0186
36.4700	1.0000	0.9702
36.4800	1.0000	0.9952
36.4900	1.0000	0.9988
36.5000	1.0000	0.9835
36.5100	1.0000	0.9783
36.5200	1.0000	0.9877
36.5300	1.0000	0.9968
36.5400	1.0000	1.0050
36.5500	1.0000	0.9905
36.5600	1.0000	1.0156
36.5700	1.0000	1.0614
36.5800	1.0000	1.0371
36.5900	1.0000	0.9964
36.6000	1.0000	1.0322
36.6100	1.0000	1.0356
36.6200	1.0000	1.0268
36.6300	1.0000	1.0298
36.6400	1.0000	0.9968
36.6500	1.0000	0.9968
36.6600	1.0000	1.0090
36.6700	1.0000	1.0295
36.6800	1.0000	0.9621
36.6900	1.0000	1.0079
36.7000	1.0000	1.0312
36.7100	1.0000	1.0263
36.7200	1.0000	0.9718
36.7300	1.0000	1.0103
36.7400	1.0000	0.9484
36.7500	1.0000	1.0436
36.7600	1.0000	1.0149
36.7700	1.0000	1.0144
36.7800	1.0000	1.0226
36.7900	1.0000	0.9698
36.8000	1.0000	1.0517
36.8100	1.0000	0.9776
36.8200	1.0000	0.9962
36.8300	1.0000	1.0241
36.8400	1.0000	0.9524
36.8500	1.0000	0.9801
36.8600	1.0000	0.9544
36.8700	1.0000	0.9716
36.8800	1.0000	1.0421
36.8900	1.0000	1.0132
36.9000	1.0000	0.9972
36.9100	1.0000	1.0475
36.9200	1.0000	0.9531
36.9300	1.0000	1.0384
36.9400	1.0000	0.9573
36.9500	1.0000	0.9711
36.9600	1.0000	0.9977
36.9700	1.0000	1.0018
36.9800	1.0000	1.0030
36.9900	1.0000	1.0347
37.0000	1.0000	1.0085
37.0100	1.0000	1.0239
37.0200	1.0000	0.9084
37.0300	1.0000	1.0024
37.0400	1.0000	1.0007
37.0500	1.0000	1.0044
37.0600	1.0000	1.0152
37.0700	1.0000	1.0345
37.0800	1.0000	0.9686
37.0900	1.0000	0.9523
37.1000	1.0000	1.0224
37.1100	1.0000	0.9811
37.1200	1.0000	0.9251
37.1300	1.0000	0.9462
37.1400	1.0000	0.9983
37.1500	1.0000	1.0113
37.1600	1.0000	0.9774
37.1700	1.0000	1.0041
37.1800	1.0000	1.0107
37.1900	1.0000	0.9761
37.2000	1.0000	0.9889
37.2100	1.0000	1.0360
37.2200	1.0000	0.9827
37.2300	1.0000	1.0296
37.2400	1.0000	1.0095
37.2500	1.0000	1.0232
37.2600	1.0000	1.0159
37.2700	1.0000	1.0614
37.2800	1.0000	0.9787
37.2900	1.0000	1.0037
37.3000	1.0000	0.9878
37.3100	1.0000	1.0459
37.3200	1.0000	1.0619
37.3300	1.0000	1.0384
37.3400	1.0000	1.0241
37.3500	1.0000	0.9813
37.3600	1.0000	1.0203
37.3700	1.0000	1.0103
37.3800	1.0000	0.9414
37.3900	1.0000	0.9982
37.4000	1.0000	0.9739
37.4100	1.0000	1.0391
37.4200	1.0000	1.0090
37.4300	1.0000	0.9795
37.4400	1.0000	1.0182
37.4500	1.0000	1.0405
37.4600	1.0000	0.9843
37.4700	1.0000	0.9992
37.4800	1.0000	0.9862
37.4900	1.0000	1.0283
37.5000	1.0000	1.0459
37.5100	1.0000	1.0059
37.5200	1.0000	1.0306
37.5300	1.0000	0.9728
37.5400	1.0000	0.9985
37.5500	1.0000	1.0274
37.5600	1.0000	0.9958
37.5700	1.0000	0.9776
37.5800	1.0000	1.0309
37.5900	1.0000	1.0554
37.6000	1.0000	0.9964
37.6100	1.0000	1.0073
37.6200	1.0000	1.0275
37.6300	1.0000	1.0108
37.6400	1.0000	1.0009
37.6500	1.0000	1.0123
37.6600	1.0000	1.0025
37.6700	1.0000	0.9327
37.6800	1.0000	1.0374
37.6900	1.0000	1.0644
37.7000	1.0000	1.0446
37.7100	1.0000	1.0195
37.7200	1.0000	0.9758
37.7300	1.0000	1.0547
37.7400	1.0000	0.9492
37.7500	1.0000	1.0483
37.7600	1.0000	0.9948
37.7700	1.0000	0.9657
37.7800	1.0000	0.9590
37.7900	1.0000	1.0185
37.8000	1.0000	0.9485
37.8100	1.0000	0.9878
37.8200	1.0000	0.9804
37.8300	1.0000	1.0095
37.8400	1.0000	1.0282
37.8500	1.0000	0.9850
37.8600	1.0000	1.0638
37.8700	1.0000	0.9759
37.8800	1.0000	1.0332
37.8900	1.0000	1.0084
37.9000	1.0000	0.9988
37.9100	1.0000	0.9804
37.9200	1.0000	1.0487
37.9300	1.0000	1.0022
37.9400	1.0000	1.0059
37.9500	1.0000	1.0194
37.9600	1.0000	0.9844
37.9700	1.0000	0.9805
37.9800	1.0000	1.0410
37.9900	1.0000	0.9724
38.0000	1.0000	1.0146
38.0100	1.0000	1.0110
38.0200	1.0000	1.0195
38.0300	1.0000	0.9792
38.0400	1.0000	1.0175
38.0500	1.0000	1.0080
38.0600	1.0000	0.9928
38.0700	1.0000	0.9679
38.0800	1.0000	1.0109
38.0900	1.0000	0.9798
38.1000	1.0000	0.9946
38.1100	1.0000	1.0111
38.1200	1.0000	0.9913
38.1300	1.0000	1.0658
38.1400	1.0000	0.9580
38.1500	1.0000	1.0228
38.1600	1.0000	1.0436
38.1700	1.0000	1.0146
38.1800	1.0000	1.0243
38.1900	1.0000	1.0323
38.2000	1.0000	0.9920
38.2100	1.0000	1.0346
38.2200	1.0000	1.0231
38.2300	1.0000	1.0212
38.2400	1.0000	0.9726
38.2500	1.0000	0.9977
38.2600	1.0000	0.9786
38.2700	1.0000	1.0042
38.2800	1.0000	1.0082
38.2900	1.0000	1.0047
38.3000	1.0000	1.0445
38.3100	1.0000	0.9813
38.3200	1.0000	0.9781
38.3300	1.0000	1.0045
38.3400	1.0000	1.0225
38.3500	1.0000	0.9610
38.3600	1.0000	0.9501
38.3700	1.0000	1.0084
38.3800	1.0000	1.0305
38.3900	1.0000	1.0515
38.4000	1.0000	0.9417
38.4100	1.0000	0.9802
38.4200	1.0000	0.9986
38.4300	1.0000	0.9788
38.4400	1.0000	0.9874
38.4500	1.0000	1.0162
38.4600	1.0000	1.0129
38.4700	1.0000	0.9724
38.4800	1.0000	1.0334
38.4900	1.0000	0.9814
38.5000	1.0000	1.0099
38.5100	1.0000	0.9757
38.5200	1.0000	1.0369
38.5300	1.0000	1.0135
38.5400	1.0000	0.9818
38.5500	1.0000	1.0186
38.5600	1.0000	0.9870
38.5700	1.0000	1.0504
38.5800	1.0000	1.0208
38.5900	1.0000	0.9364
38.6000	1.0000	0.9801
38.6100	1.0000	1.0333
38.6200	1.0000	1.0816
38.6300	1.0000	0.9812
38.6400	1.0000	0.9859
38.6500	1.0000	1.0319
38.6600	1.0000	1.0106
38.6700	1.0000	0.9549
38.6800	1.0000	1.0100
38.6900	1.0000	0.9984
38.7000	1.0000	0.9631
38.7100	1.0000	0.9665
38.7200	1.0000	1.0281
38.7300	1.0000	0.9625
38.7400	1.0000	1.0329
38.7500	1.0000	1.0617
38.7600	1.0000	1.0187
38.7700	1.0000	1.0413
38.7800	1.0000	1.0381
38.7900	1.0000	1.0018
38.8000	1.0000	0.9694
38.8100	1.0000	0.9844
38.8200	1.0000	0.9845
38.8300	1.0000	0.9677
38.8400	1.0000	1.0688
38.8500	1.0000	1.0422
38.8600	1.0000	0.9912
38.8700	1.0000	0.9650
38.8800	1.0000	1.0362
38.8900	1.0000	0.9939
38.9000	1.0000	0.9909
38.9100	1.0000	1.0574
38.9200	1.0000	0.9373
38.9300	1.0000	1.0291
38.9400	1.0000	0.9595
38.9500	1.0000	0.9792
38.9600	1.0000	1.0189
38.9700	1.0000	0.9973
38.9800	1.0000	0.9988
38.9900	1.0000	0.9760
39.0000	1.0000	1.0094
39.0100	1.0000	0.9835
39.0200	1.0000	1.0298
39.0300	1.0000	1.0675
39.0400	1.0000	1.0011
39.0500	1.0000	1.0102
39.0600	1.0000	0.9695
39.0700	1.0000	0.9579
39.0800	1.0000	0.9697
39.0900	1.0000	0.9972
39.1000	1.0000	1.0140
39.1100	1.0000	1.0066
39.1200	1.0000	1.0524
39.1300	1.0000	0.9538
39.1400	1.0000	0.9639
39.1500	1.0000	0.9774
39.1600	1.0000	0.9809
39.1700	1.0000	0.9868
39.1800	1.0000	1.0229
39.1900	1.0000	1.0569
39.2000	1.0000	1.0090
39.2100	1.0000	1.0118
39.2200	1.0000	1.0216
39.2300	1.0000	0.9974
39.2400	1.0000	0.9846
39.2500	1.0000	1.0090
39.2600	1.0000	0.9573
39.2700	1.0000	0.9828
39.2800	1.0000	1.0045
39.2900	1.0000	0.9571
39.3000	1.0000	0.9699
39.3100	1.0000	1.0052
39.3200	1.0000	0.9580
39.3300	1.0000	1.0362
39.3400	1.0000	1.0030
39.3500	1.0000	0.9881
39.3600	1.0000	0.9917
39.3700	1.0000	1.0276
39.3800	1.0000	0.9890
39.3900	1.0000	1.0433
39.4000	1.0000	1.0563
39.4100	1.0000	0.9602
39.4200	1.0000	1.0047
39.4300	1.0000	1.0372
39.4400	1.0000	1.0566
39.4500	1.0000	0.9953
39.4600	1.0000	0.9767
39.4700	1.0000	0.9766
39.4800	1.0000	0.9746
39.4900	1.0000	1.0127
39.5000	1.0000	0.9753
39.5100	1.0000	1.0493
39.5200	1.0000	0.9725
39.5300	1.0000	0.9466
39.5400	1.0000	0.9818
39.5500	1.0000	0.9682
39.5600	1.0000	0.9636
39.5700	1.0000	0.9990
39.5800	1.0000	0.9660
39.5900	1.0000	0.9918
39.6000	1.0000	1.0183
39.6100	1.0000	1.0011
39.6200	1.0000	1.0482
39.6300	1.0000	0.9834
39.6400	1.0000	0.9609
39.6500	1.0000	1.0033
39.6600	1.0000	0.9988
39.6700	1.0000	1.0328
39.6800	1.0000	0.9469
39.6900	1.0000	1.0147
39.7000	1.0000	0.9785
39.7100	1.0000	1.0034
39.7200	1.0000	1.0022
39.7300	1.0000	0.9947
39.7400	1.0000	0.9512
39.7500	1.0000	1.0061
39.7600	1.0000	1.0595
39.7700	1.0000	0.9520
39.7800	1.0000	0.9882
39.7900	1.0000	1.0033
39.8000	1.0000	1.0293
39.8100	1.0000	0.9903
39.8200	1.0000	1.0139
39.8300	1.0000	1.0351
39.8400	1.0000	0.9714
39.8500	1.0000	0.9912
39.8600	1.0000	1.0093
39.8700	1.0000	0.9835
39.8800	1.0000	0.9984
39.8900	1.0000	1.0420
39.9000	1.0000	0.9811
39.9100	1.0000	1.0330
39.9200	1.0000	1.0116
39.9300	1.0000	1.0446
39.9400	1.0000	1.0463
39.9500	1.0000	0.9757
39.9600	1.0000	1.0479
39.9700	1.0000	1.0218
39.9800	1.0000	1.0197
39.9900	1.0000	1.0287
40.0000	1.0000	0.9702