0	1.0000	-42.4496
0.0100	1.0314	-40.0540
0.0200	1.0628	-38.4372
0.0300	1.0941	-36.0912
0.0400	1.1253	-34.2346
0.0500	1.1564	-32.3387
0.0600	1.1874	-30.4672
0.0700	1.2181	-28.4024
0.0800	1.2487	-26.4564
0.0900	1.2790	-24.6494
0.1000	1.3090	-22.7906
0.1100	1.3387	-21.0009
0.1200	1.3681	-19.3292
0.1300	1.3971	-17.4007
0.1400	1.4258	-15.9491
0.1500	1.4540	-14.5035
0.1600	1.4818	-12.7785
0.1700	1.5090	-10.6887
0.1800	1.5358	-9.4195
0.1900	1.5621	-7.9365
0.2000	1.5878	-6.3894
0.2100	1.6129	-4.8741
0.2200	1.6374	-3.3620
0.2300	1.6613	-1.9156
0.2400	1.6845	-0.4556
0.2500	1.7071	1.1796
0.2600	1.7290	2.3469
0.2700	1.7501	3.8590
0.2800	1.7705	5.1028
0.2900	1.7902	6.3317
0.3000	1.8090	7.4663
0.3100	1.8271	8.7242
0.3200	1.8443	9.9711
0.3300	1.8607	11.0169
0.3400	1.8763	12.6651
0.3500	1.8910	13.6439
0.3600	1.9048	14.5271
0.3700	1.9178	15.5801
0.3800	1.9298	16.7690
0.3900	1.9409	17.9464
0.4000	1.9511	18.8282
0.4100	1.9603	19.6884
0.4200	1.9686	20.7234
0.4300	1.9759	21.8085
0.4400	1.9823	22.9153
0.4500	1.9877	23.6609
0.4600	1.9921	24.6941
0.4700	1.9956	25.3647
0.4800	1.9980	26.2891
0.4900	1.9995	27.1463
0.5000	2.0000	27.7083
0.5100	1.9995	28.4126
0.5200	1.9980	29.5642
0.5300	1.9956	30.2404
0.5400	1.9921	31.1622
0.5500	1.9877	31.7042
0.5600	1.9823	32.3545
0.5700	1.9759	33.0138
0.5800	1.9686	33.8421
0.5900	1.9603	34.4632
0.6000	1.9511	35.1383
0.6100	1.9409	35.9004
0.6200	1.9298	36.2992
0.6300	1.9178	36.5430
0.6400	1.9048	37.3591
0.6500	1.8910	38.0908
0.6600	1.8763	38.2595
0.6700	1.8607	38.9024
0.6800	1.8443	39.1833
0.6900	1.8271	39.9216
0.7000	1.8090	40.2580
0.7100	1.7902	40.5481
0.7200	1.7705	41.2743
0.7300	1.7501	41.9079
0.7400	1.7290	42.0946
0.7500	1.7071	42.3608
0.7600	1.6845	43.1903
0.7700	1.6613	43.0116
0.7800	1.6374	43.6027
0.7900	1.6129	43.8787
0.8000	1.5878	44.1889
0.8100	1.5621	44.3907
0.8200	1.5358	44.4724
0.8300	1.5090	45.0310
0.8400	1.4818	45.2262
0.8500	1.4540	45.2401
0.8600	1.4258	46.0700
0.8700	1.3971	46.1163
0.8800	1.3681	46.1084
0.8900	1.3387	46.1371
0.9000	1.3090	46.3953
0.9100	1.2790	46.6121
0.9200	1.2487	46.8149
0.9300	1.2181	46.8444
0.9400	1.1874	46.9782
0.9500	1.1564	47.1590
0.9600	1.1253	47.2201
0.9700	1.0941	47.6172
0.9800	1.0628	47.4188
0.9900	1.0314	47.7206
1.0000	1.0000	48.0111
1.0100	0.9686	47.6365
1.0200	0.9372	47.8957
1.0300	0.9059	47.7819
1.0400	0.8747	47.8699
1.0500	0.8436	47.7352
1.0600	0.8126	48.1941
1.0700	0.7819	47.9661
1.0800	0.7513	47.9324
1.0900	0.7210	47.9412
1.1000	0.6910	47.8993
1.1100	0.6613	47.7435
1.1200	0.6319	47.8396
1.1300	0.6029	47.9609
1.1400	0.5742	48.0608
1.1500	0.5460	47.7084
1.1600	0.5182	47.2882
1.1700	0.4910	47.7561
1.1800	0.4642	47.4528
1.1900	0.4379	47.5716
1.2000	0.4122	47.4176
1.2100	0.3871	47.1576
1.2200	0.3626	46.9479
1.2300	0.3387	47.1413
1.2400	0.3155	46.7054
1.2500	0.2929	46.5986
1.2600	0.2710	46.6905
1.2700	0.2499	46.4597
1.2800	0.2295	46.0301
1.2900	0.2098	46.0717
1.3000	0.1910	45.9148
1.3100	0.1729	45.7469
1.3200	0.1557	45.6438
1.3300	0.1393	45.2151
1.3400	0.1237	45.1675
1.3500	0.1090	44.8409
1.3600	0.0952	44.9507
1.3700	0.0822	44.8119
1.3800	0.0702	44.4104
1.3900	0.0591	44.2813
1.4000	0.0489	44.1124
1.4100	0.0397	43.8642
1.4200	0.0314	43.6564
1.4300	0.0241	43.3172
1.4400	0.0177	43.1745
1.4500	0.0123	42.7001
1.4600	0.0079	42.7116
1.4700	0.0044	42.5722
1.4800	0.0020	42.1271
1.4900	0.0005	41.9040
1.5000	0	41.9253
1.5100	0.0005	41.3655
1.5200	0.0020	41.1598
1.5300	0.0044	40.9790
1.5400	0.0079	40.4838
1.5500	0.0123	40.3790
1.5600	0.0177	40.2311
1.5700	0.0241	39.8556
1.5800	0.0314	39.5493
1.5900	0.0397	39.0134
1.6000	0.0489	38.8026
1.6100	0.0591	38.3899
1.6200	0.0702	38.2539
1.6300	0.0822	38.1548
1.6400	0.0952	37.8113
1.6500	0.1090	37.3937
1.6600	0.1237	37.5816
1.6700	0.1393	36.8635
1.6800	0.1557	36.6625
1.6900	0.1729	36.3575
1.7000	0.1910	36.0852
1.7100	0.2098	35.8857
1.7200	0.2295	35.1423
1.7300	0.2499	34.9462
1.7400	0.2710	34.6239
1.7500	0.2929	34.6167
1.7600	0.3155	34.2579
1.7700	0.3387	33.9549
1.7800	0.3626	33.6636
1.7900	0.3871	33.5102
1.8000	0.4122	32.9944
1.8100	0.4379	32.5127
1.8200	0.4642	32.2909
1.8300	0.4910	31.9737
1.8400	0.5182	31.6423
1.8500	0.5460	31.5394
1.8600	0.5742	31.0037
1.8700	0.6029	30.8834
1.8800	0.6319	30.8111
1.8900	0.6613	30.1402
1.9000	0.6910	29.9610
1.9100	0.7210	29.5732
1.9200	0.7513	29.2517
1.9300	0.7819	29.3147
1.9400	0.8126	28.7204
1.9500	0.8436	28.3425
1.9600	0.8747	28.0554
1.9700	0.9059	27.8150
1.9800	0.9372	27.6557
1.9900	0.9686	27.2122
2.0000	1.0000	27.2002
2.0100	1.0314	26.7143
2.0200	1.0628	26.5033
2.0300	1.0941	25.9983
2.0400	1.1253	25.8127
2.0500	1.1564	25.6450
2.0600	1.1874	25.1972
2.0700	1.2181	24.9214
2.0800	1.2487	24.7377
2.0900	1.2790	24.4663
2.1000	1.3090	24.0111
2.1100	1.3387	23.9485
2.1200	1.3681	23.8319
2.1300	1.3971	23.6150
2.1400	1.4258	22.8720
2.1500	1.4540	23.0596
2.1600	1.4818	22.8054
2.1700	1.5090	22.3675
2.1800	1.5358	21.9276
2.1900	1.5621	21.8793
2.2000	1.5878	21.5529
2.2100	1.6129	21.1064
2.2200	1.6374	20.9678
2.2300	1.6613	20.7142
2.2400	1.6845	20.6236
2.2500	1.7071	20.2932
2.2600	1.7290	19.9025
2.2700	1.7501	19.9555
2.2800	1.7705	19.7195
2.2900	1.7902	19.3288
2.3000	1.8090	19.1617
2.3100	1.8271	18.8974
2.3200	1.8443	18.6325
2.3300	1.8607	18.1459
2.3400	1.8763	18.3317
2.3500	1.8910	17.7991
2.3600	1.9048	17.6836
2.3700	1.9178	17.6051
2.3800	1.9298	17.4641
2.3900	1.9409	16.8724
2.4000	1.9511	16.8098
2.4100	1.9603	16.4558
2.4200	1.9686	16.6319
2.4300	1.9759	16.2201
2.4400	1.9823	15.9569
2.4500	1.9877	15.5466
2.4600	1.9921	15.4720
2.4700	1.9956	15.3862
2.4800	1.9980	15.4932
2.4900	1.9995	15.0674
2.5000	2.0000	14.8531
2.5100	1.9995	14.7466
2.5200	1.9980	14.5138
2.5300	1.9956	14.3760
2.5400	1.9921	14.2750
2.5500	1.9877	14.0158
2.5600	1.9823	13.9285
2.5700	1.9759	13.6457
2.5800	1.9686	13.4165
2.5900	1.9603	13.4876
2.6000	1.9511	13.2193
2.6100	1.9409	12.8960
2.6200	1.9298	12.7314
2.6300	1.9178	12.9682
2.6400	1.9048	12.5938
2.6500	1.8910	12.0478
2.6600	1.8763	12.2032
2.6700	1.8607	12.2458
2.6800	1.8443	12.0061
2.6900	1.8271	11.7195
2.7000	1.8090	11.7016
2.7100	1.7902	11.2233
2.7200	1.7705	11.4949
2.7300	1.7501	11.3986
2.7400	1.7290	11.0321
2.7500	1.7071	11.0297
2.7600	1.6845	11.1022
2.7700	1.6613	10.6724
2.7800	1.6374	10.7149
2.7900	1.6129	10.4992
2.8000	1.5878	10.3948
2.8100	1.5621	10.6200
2.8200	1.5358	10.3328
2.8300	1.5090	9.8922
2.8400	1.4818	9.7468
2.8500	1.4540	9.5843
2.8600	1.4258	9.7347
2.8700	1.3971	9.7898
2.8800	1.3681	9.3559
2.8900	1.3387	9.2815
2.9000	1.3090	9.3539
2.9100	1.2790	9.2255
2.9200	1.2487	9.1553
2.9300	1.2181	9.0093
2.9400	1.1874	8.8076
2.9500	1.1564	8.6701
2.9600	1.1253	8.5396
2.9700	1.0941	8.5259
2.9800	1.0628	8.3139
2.9900	1.0314	8.3395
3.0000	1.0000	8.1563
3.0100	0.9686	8.0010
3.0200	0.9372	8.1037
3.0300	0.9059	8.0808
3.0400	0.8747	8.2017
3.0500	0.8436	7.9471
3.0600	0.8126	7.5135
3.0700	0.7819	7.7054
3.0800	0.7513	7.2474
3.0900	0.7210	7.4049
3.1000	0.6910	7.3360
3.1100	0.6613	7.2971
3.1200	0.6319	7.2723
3.1300	0.6029	7.1886
3.1400	0.5742	6.9793
3.1500	0.5460	7.0390
3.1600	0.5182	6.8466
3.1700	0.4910	6.6999
3.1800	0.4642	6.6752
3.1900	0.4379	6.3565
3.2000	0.4122	6.6597
3.2100	0.3871	6.4750
3.2200	0.3626	6.5711
3.2300	0.3387	6.3011
3.2400	0.3155	5.8869
3.2500	0.2929	6.2947
3.2600	0.2710	6.0878
3.2700	0.2499	6.2171
3.2800	0.2295	6.0036
3.2900	0.2098	5.7066
3.3000	0.1910	5.6516
3.3100	0.1729	5.7861
3.3200	0.1557	5.7796
3.3300	0.1393	5.5668
3.3400	0.1237	5.4944
3.3500	0.1090	5.4157
3.3600	0.0952	5.2516
3.3700	0.0822	5.4582
3.3800	0.0702	5.1634
3.3900	0.0591	5.0478
3.4000	0.0489	4.9333
3.4100	0.0397	5.1785
3.4200	0.0314	4.8867
3.4300	0.0241	4.7914
3.4400	0.0177	4.7673
3.4500	0.0123	4.6382
3.4600	0.0079	4.6477
3.4700	0.0044	4.5551
3.4800	0.0020	4.4737
3.4900	0.0005	4.4594
3.5000	0	4.5491
3.5100	0.0005	4.1054
3.5200	0.0020	4.3146
3.5300	0.0044	4.0490
3.5400	0.0079	3.6697
3.5500	0.0123	4.0808
3.5600	0.0177	4.1591
3.5700	0.0241	4.1265
3.5800	0.0314	4.0508
3.5900	0.0397	3.9181
3.6000	0.0489	3.6300
3.6100	0.0591	3.8985
3.6200	0.0702	3.5311
3.6300	0.0822	3.5918
3.6400	0.0952	3.5727
3.6500	0.1090	3.3634
3.6600	0.1237	3.3951
3.6700	0.1393	3.2417
3.6800	0.1557	3.6461
3.6900	0.1729	3.1421
3.7000	0.1910	3.2171
3.7100	0.2098	3.1087
3.7200	0.2295	3.0675
3.7300	0.2499	3.0259
3.7400	0.2710	3.0495
3.7500	0.2929	3.0934
3.7600	0.3155	2.6285
3.7700	0.3387	2.8940
3.7800	0.3626	2.8535
3.7900	0.3871	2.6799
3.8000	0.4122	2.4223
3.8100	0.4379	2.9530
3.8200	0.4642	2.5425
3.8300	0.4910	2.6952
3.8400	0.5182	2.5203
3.8500	0.5460	2.6034
3.8600	0.5742	2.4012
3.8700	0.6029	2.3924
3.8800	0.6319	2.4129
3.8900	0.6613	2.3800
3.9000	0.6910	2.3787
3.9100	0.7210	2.1355
3.9200	0.7513	2.2841
3.9300	0.7819	2.1364
3.9400	0.8126	1.8978
3.9500	0.8436	2.0914
3.9600	0.8747	2.1910
3.9700	0.9059	2.1282
3.9800	0.9372	2.0622
3.9900	0.9686	2.0495
4.0000	1.0000	1.9589
4.0100	1.0314	2.0935
4.0200	1.0628	2.0714
4.0300	1.0941	1.7772
4.0400	1.1253	1.7310
4.0500	1.1564	1.7437
4.0600	1.1874	1.7198
4.0700	1.2181	1.5539
4.0800	1.2487	1.7162
4.0900	1.2790	1.7620
4.1000	1.3090	1.7210
4.1100	1.3387	1.9075
4.1200	1.3681	1.6717
4.1300	1.3971	1.6559
4.1400	1.4258	1.6742
4.1500	1.4540	1.5163
4.1600	1.4818	1.6888
4.1700	1.5090	1.8051
4.1800	1.5358	1.7265
4.1900	1.5621	1.7662
4.2000	1.5878	1.5806
4.2100	1.6129	1.3932
4.2200	1.6374	1.3075
4.2300	1.6613	1.6238
4.2400	1.6845	1.6441
4.2500	1.7071	1.4928
4.2600	1.7290	1.5812
4.2700	1.7501	1.4139
4.2800	1.7705	1.4784
4.2900	1.7902	1.7497
4.3000	1.8090	1.6705
4.3100	1.8271	1.4250
4.3200	1.8443	1.6134
4.3300	1.8607	1.2779
4.3400	1.8763	1.6348
4.3500	1.8910	1.6595
4.3600	1.9048	1.4656
4.3700	1.9178	1.3859
4.3800	1.9298	1.8003
4.3900	1.9409	1.8665
4.4000	1.9511	1.6461
4.4100	1.9603	1.6054
4.4200	1.9686	1.5139
4.4300	1.9759	1.7863
4.4400	1.9823	1.6850
4.4500	1.9877	1.5555
4.4600	1.9921	1.7122
4.4700	1.9956	1.8982
4.4800	1.9980	1.7861
4.4900	1.9995	1.8769
4.5000	2.0000	1.7522
4.5100	1.9995	1.8316
4.5200	1.9980	2.0477
4.5300	1.9956	1.9345
4.5400	1.9921	2.0651
4.5500	1.9877	2.0990
4.5600	1.9823	2.0438
4.5700	1.9759	2.1809
4.5800	1.9686	2.1527
4.5900	1.9603	1.9834
4.6000	1.9511	2.3126
4.6100	1.9409	2.1021
4.6200	1.9298	1.9375
4.6300	1.9178	2.3483
4.6400	1.9048	2.1793
4.6500	1.8910	2.5435
4.6600	1.8763	2.1502
4.6700	1.8607	2.1177
4.6800	1.8443	2.3179
4.6900	1.8271	2.3707
4.7000	1.8090	2.5040
4.7100	1.7902	2.6517
4.7200	1.7705	2.7058
4.7300	1.7501	2.4770
4.7400	1.7290	2.6233
4.7500	1.7071	2.5785
4.7600	1.6845	2.8574
4.7700	1.6613	2.9256
4.7800	1.6374	2.8644
4.7900	1.6129	2.6184
4.8000	1.5878	2.8458
4.8100	1.5621	3.0473
4.8200	1.5358	2.9634
4.8300	1.5090	2.9767
4.8400	1.4818	3.0442
4.8500	1.4540	3.2461
4.8600	1.4258	3.1353
4.8700	1.3971	2.9305
4.8800	1.3681	2.9239
4.8900	1.3387	3.1764
4.9000	1.3090	3.3892
4.9100	1.2790	3.3601
4.9200	1.2487	3.3338
4.9300	1.2181	3.2224
4.9400	1.1874	3.4825
4.9500	1.1564	3.3427
4.9600	1.1253	3.3294
4.9700	1.0941	3.4866
4.9800	1.0628	3.4366
4.9900	1.0314	3.5284
5.0000	1.0000	3.7772
5.0100	0.9686	3.5146
5.0200	0.9372	3.4551
5.0300	0.9059	3.5844
5.0400	0.8747	3.7452
5.0500	0.8436	4.0298
5.0600	0.8126	3.8813
5.0700	0.7819	3.8070
5.0800	0.7513	3.9096
5.0900	0.7210	3.9863
5.1000	0.6910	3.9648
5.1100	0.6613	3.7978
5.1200	0.6319	4.1886
5.1300	0.6029	3.8134
5.1400	0.5742	3.9845
5.1500	0.5460	3.8225
5.1600	0.5182	4.0920
5.1700	0.4910	4.0350
5.1800	0.4642	4.0447
5.1900	0.4379	4.2543
5.2000	0.4122	3.9847
5.2100	0.3871	4.4047
5.2200	0.3626	4.2883
5.2300	0.3387	4.1911
5.2400	0.3155	4.1013
5.2500	0.2929	4.3301
5.2600	0.2710	4.2645
5.2700	0.2499	4.2042
5.2800	0.2295	4.4528
5.2900	0.2098	4.4043
5.3000	0.1910	4.1979
5.3100	0.1729	4.4677
5.3200	0.1557	4.2265
5.3300	0.1393	4.0532
5.3400	0.1237	4.2402
5.3500	0.1090	4.3510
5.3600	0.0952	4.3008
5.3700	0.0822	4.1958
5.3800	0.0702	4.0848
5.3900	0.0591	4.3948
5.4000	0.0489	4.2786
5.4100	0.0397	4.2795
5.4200	0.0314	4.0942
5.4300	0.0241	4.4644
5.4400	0.0177	4.2881
5.4500	0.0123	4.5003
5.4600	0.0079	4.1774
5.4700	0.0044	4.4374
5.4800	0.0020	4.1790
5.4900	0.0005	4.0197
5.5000	0	4.2587
5.5100	0.0005	4.2520
5.5200	0.0020	4.3462
5.5300	0.0044	4.2930
5.5400	0.0079	4.4237
5.5500	0.0123	4.2595
5.5600	0.0177	4.2194
5.5700	0.0241	3.9649
5.5800	0.0314	4.1299
5.5900	0.0397	4.2045
5.6000	0.0489	4.2218
5.6100	0.0591	3.9564
5.6200	0.0702	4.3109
5.6300	0.0822	4.2658
5.6400	0.0952	3.9690
5.6500	0.1090	3.8346
5.6600	0.1237	4.1587
5.6700	0.1393	4.0762
5.6800	0.1557	4.0544
5.6900	0.1729	3.8543
5.7000	0.1910	4.3388
5.7100	0.2098	3.9076
5.7200	0.2295	4.0087
5.7300	0.2499	3.8520
5.7400	0.2710	3.6320
5.7500	0.2929	3.8484
5.7600	0.3155	3.9860
5.7700	0.3387	3.7776
5.7800	0.3626	3.8012
5.7900	0.3871	3.8276
5.8000	0.4122	3.9702
5.8100	0.4379	3.8738
5.8200	0.4642	3.9080
5.8300	0.4910	3.8834
5.8400	0.5182	3.6932
5.8500	0.5460	3.9705
5.8600	0.5742	3.8313
5.8700	0.6029	3.4866
5.8800	0.6319	3.8160
5.8900	0.6613	3.4986
5.9000	0.6910	3.8214
5.9100	0.7210	3.6688
5.9200	0.7513	3.6563
5.9300	0.7819	3.6899
5.9400	0.8126	3.7381
5.9500	0.8436	3.5179
5.9600	0.8747	3.4427
5.9700	0.9059	3.7328
5.9800	0.9372	3.6294
5.9900	0.9686	3.2499
6.0000	1.0000	3.4971
6.0100	1.0314	3.4616
6.0200	1.0628	3.3308
6.0300	1.0941	3.3649
6.0400	1.1253	3.5407
6.0500	1.1564	3.7337
6.0600	1.1874	3.5684
6.0700	1.2181	3.3188
6.0800	1.2487	3.3606
6.0900	1.2790	3.3376
6.1000	1.3090	3.3780
6.1100	1.3387	3.3402
6.1200	1.3681	3.2663
6.1300	1.3971	3.3147
6.1400	1.4258	3.2580
6.1500	1.4540	3.5171
6.1600	1.4818	3.4166
6.1700	1.5090	3.4354
6.1800	1.5358	3.3013
6.1900	1.5621	3.2750
6.2000	1.5878	3.4130
6.2100	1.6129	3.1181
6.2200	1.6374	3.5654
6.2300	1.6613	3.4934
6.2400	1.6845	3.5646
6.2500	1.7071	3.3306
6.2600	1.7290	3.4222
6.2700	1.7501	3.0975
6.2800	1.7705	3.1495
6.2900	1.7902	3.3076
6.3000	1.8090	3.1712
6.3100	1.8271	3.2528
6.3200	1.8443	3.3659
6.3300	1.8607	3.3488
6.3400	1.8763	3.2995
6.3500	1.8910	3.0832
6.3600	1.9048	3.2909
6.3700	1.9178	3.2077
6.3800	1.9298	3.3957
6.3900	1.9409	3.2888
6.4000	1.9511	3.5564
6.4100	1.9603	3.4107
6.4200	1.9686	3.5243
6.4300	1.9759	3.4724
6.4400	1.9823	3.5409
6.4500	1.9877	3.2870
6.4600	1.9921	3.5849
6.4700	1.9956	3.4653
6.4800	1.9980	3.3528
6.4900	1.9995	3.5906
6.5000	2.0000	3.3929
6.5100	1.9995	3.7618
6.5200	1.9980	3.4494
6.5300	1.9956	3.7295
6.5400	1.9921	3.8374
6.5500	1.9877	3.7542
6.5600	1.9823	3.4381
6.5700	1.9759	3.6055
6.5800	1.9686	3.9222
6.5900	1.9603	3.8488
6.6000	1.9511	3.9966
6.6100	1.9409	3.9088
6.6200	1.9298	3.9857
6.6300	1.9178	3.9600
6.6400	1.9048	3.8429
6.6500	1.8910	3.9954
6.6600	1.8763	3.9887
6.6700	1.8607	4.2031
6.6800	1.8443	4.1243
6.6900	1.8271	3.8787
6.7000	1.8090	4.2338
6.7100	1.7902	4.1082
6.7200	1.7705	4.1614
6.7300	1.7501	4.1595
6.7400	1.7290	4.2838
6.7500	1.7071	4.2756
6.7600	1.6845	4.1118
6.7700	1.6613	4.0855
6.7800	1.6374	4.2722
6.7900	1.6129	4.4718
6.8000	1.5878	4.5327
6.8100	1.5621	4.3396
6.8200	1.5358	4.4241
6.8300	1.5090	4.5617
6.8400	1.4818	4.4190
6.8500	1.4540	4.4553
6.8600	1.4258	4.5179
6.8700	1.3971	4.5183
6.8800	1.3681	4.5625
6.8900	1.3387	4.6897
6.9000	1.3090	4.6109
6.9100	1.2790	4.6996
6.9200	1.2487	4.7583
6.9300	1.2181	4.3594
6.9400	1.1874	4.7209
6.9500	1.1564	4.7822
6.9600	1.1253	5.0508
6.9700	1.0941	4.8667
6.9800	1.0628	4.7269
6.9900	1.0314	4.6658
7.0000	1.0000	5.0589
7.0100	0.9686	4.8509
7.0200	0.9372	4.5773
7.0300	0.9059	4.9794
7.0400	0.8747	4.8610
7.0500	0.8436	5.1635
7.0600	0.8126	4.9759
7.0700	0.7819	4.9004
7.0800	0.7513	4.7424
7.0900	0.7210	4.9773
7.1000	0.6910	4.8213
7.1100	0.6613	4.8243
7.1200	0.6319	5.2690
7.1300	0.6029	5.0707
7.1400	0.5742	4.9633
7.1500	0.5460	5.1450
7.1600	0.5182	5.0822
7.1700	0.4910	5.2654
7.1800	0.4642	4.8396
7.1900	0.4379	5.2456
7.2000	0.4122	5.2577
7.2100	0.3871	5.1717
7.2200	0.3626	5.1327
7.2300	0.3387	5.0653
7.2400	0.3155	5.1182
7.2500	0.2929	5.2496
7.2600	0.2710	5.1426
7.2700	0.2499	5.0379
7.2800	0.2295	5.1116
7.2900	0.2098	5.2521
7.3000	0.1910	5.2624
7.3100	0.1729	4.9825
7.3200	0.1557	5.1294
7.3300	0.1393	5.1992
7.3400	0.1237	5.2105
7.3500	0.1090	5.1042
7.3600	0.0952	5.3618
7.3700	0.0822	5.0675
7.3800	0.0702	5.0959
7.3900	0.0591	5.1569
7.4000	0.0489	5.2104
7.4100	0.0397	5.0429
7.4200	0.0314	5.1360
7.4300	0.0241	4.9599
7.4400	0.0177	5.0871
7.4500	0.0123	5.2162
7.4600	0.0079	5.1546
7.4700	0.0044	5.0497
7.4800	0.0020	5.3475
7.4900	0.0005	4.9598
7.5000	0	4.8804
7.5100	0.0005	4.9975
7.5200	0.0020	4.8776
7.5300	0.0044	4.8916
7.5400	0.0079	5.0363
7.5500	0.0123	4.6262
7.5600	0.0177	5.0260
7.5700	0.0241	4.4185
7.5800	0.0314	4.7429
7.5900	0.0397	5.0584
7.6000	0.0489	4.7787
7.6100	0.0591	4.6541
7.6200	0.0702	4.8669
7.6300	0.0822	4.7689
7.6400	0.0952	4.7196
7.6500	0.1090	4.7086
7.6600	0.1237	4.6988
7.6700	0.1393	4.8145
7.6800	0.1557	4.6615
7.6900	0.1729	5.1018
7.7000	0.1910	4.6537
7.7100	0.2098	4.7219
7.7200	0.2295	4.3381
7.7300	0.2499	4.4964
7.7400	0.2710	4.3921
7.7500	0.2929	4.4290
7.7600	0.3155	4.3090
7.7700	0.3387	4.2442
7.7800	0.3626	4.5271
7.7900	0.3871	4.4865
7.8000	0.4122	4.2969
7.8100	0.4379	4.2846
7.8200	0.4642	4.3491
7.8300	0.4910	4.2928
7.8400	0.5182	4.1039
7.8500	0.5460	3.8100
7.8600	0.5742	4.0870
7.8700	0.6029	3.9091
7.8800	0.6319	3.9857
7.8900	0.6613	4.5993
7.9000	0.6910	3.8818
7.9100	0.7210	3.7965
7.9200	0.7513	3.9716
7.9300	0.7819	3.6775
7.9400	0.8126	3.7874
7.9500	0.8436	3.9566
7.9600	0.8747	3.9201
7.9700	0.9059	3.9741
7.9800	0.9372	3.5715
7.9900	0.9686	4.0164
8.0000	1.0000	3.8752
8.0100	1.0314	4.0653
8.0200	1.0628	3.6346
8.0300	1.0941	3.6296
8.0400	1.1253	3.5181
8.0500	1.1564	3.6934
8.0600	1.1874	3.3641
8.0700	1.2181	3.7275
8.0800	1.2487	3.5780
8.0900	1.2790	3.5797
8.1000	1.3090	3.6056
8.1100	1.3387	3.6848
8.1200	1.3681	3.3292
8.1300	1.3971	3.6006
8.1400	1.4258	3.5725
8.1500	1.4540	3.4433
8.1600	1.4818	3.4809
8.1700	1.5090	3.3282
8.1800	1.5358	3.5280
8.1900	1.5621	3.3496
8.2000	1.5878	3.4623
8.2100	1.6129	3.3157
8.2200	1.6374	3.4617
8.2300	1.6613	3.2532
8.2400	1.6845	3.4098
8.2500	1.7071	3.6211
8.2600	1.7290	3.5276
8.2700	1.7501	3.5110
8.2800	1.7705	3.4073
8.2900	1.7902	3.6204
8.3000	1.8090	3.5906
8.3100	1.8271	3.6212
8.3200	1.8443	3.4315
8.3300	1.8607	3.5689
8.3400	1.8763	3.6592
8.3500	1.8910	3.4311
8.3600	1.9048	3.3671
8.3700	1.9178	3.6321
8.3800	1.9298	3.5547
8.3900	1.9409	3.5257
8.4000	1.9511	3.3311
8.4100	1.9603	3.4658
8.4200	1.9686	3.6585
8.4300	1.9759	3.4681
8.4400	1.9823	3.5835
8.4500	1.9877	3.5687
8.4600	1.9921	3.6820
8.4700	1.9956	3.4073
8.4800	1.9980	3.7377
8.4900	1.9995	3.6628
8.5000	2.0000	3.6361
8.5100	1.9995	3.6662
8.5200	1.9980	3.5171
8.5300	1.9956	3.6606
8.5400	1.9921	3.6107
8.5500	1.9877	3.7811
8.5600	1.9823	3.6678
8.5700	1.9759	3.9354
8.5800	1.9686	3.8106
8.5900	1.9603	3.8118
8.6000	1.9511	3.7000
8.6100	1.9409	4.0229
8.6200	1.9298	4.0235
8.6300	1.9178	3.8767
8.6400	1.9048	3.9584
8.6500	1.8910	4.2451
8.6600	1.8763	3.9408
8.6700	1.8607	3.9131
8.6800	1.8443	3.9455
8.6900	1.8271	4.2665
8.7000	1.8090	4.0801
8.7100	1.7902	4.1139
8.7200	1.7705	4.1627
8.7300	1.7501	4.1843
8.7400	1.7290	3.8854
8.7500	1.7071	3.9672
8.7600	1.6845	4.1620
8.7700	1.6613	4.2766
8.7800	1.6374	4.2066
8.7900	1.6129	4.1705
8.8000	1.5878	4.0827
8.8100	1.5621	4.3683
8.8200	1.5358	4.7087
8.8300	1.5090	4.3956
8.8400	1.4818	4.2210
8.8500	1.4540	4.4248
8.8600	1.4258	4.4393
8.8700	1.3971	4.5390
8.8800	1.3681	4.6905
8.8900	1.3387	4.5606
8.9000	1.3090	4.6337
8.9100	1.2790	4.5628
8.9200	1.2487	4.5416
8.9300	1.2181	4.5249
8.9400	1.1874	4.8689
8.9500	1.1564	4.8167
8.9600	1.1253	4.6033
8.9700	1.0941	4.5511
8.9800	1.0628	4.9876
8.9900	1.0314	4.5788
9.0000	1.0000	4.7514
9.0100	0.9686	4.7638
9.0200	0.9372	4.9226
9.0300	0.9059	4.9758
9.0400	0.8747	4.9521
9.0500	0.8436	4.7416
9.0600	0.8126	5.0042
9.0700	0.7819	4.7984
9.0800	0.7513	4.9191
9.0900	0.7210	5.1535
9.1000	0.6910	5.0461
9.1100	0.6613	4.8246
9.1200	0.6319	5.0642
9.1300	0.6029	5.0961
9.1400	0.5742	4.8830
9.1500	0.5460	5.0064
9.1600	0.5182	5.1636
9.1700	0.4910	5.2098
9.1800	0.4642	5.0158
9.1900	0.4379	5.1884
9.2000	0.4122	5.2795
9.2100	0.3871	4.7253
9.2200	0.3626	4.9440
9.2300	0.3387	5.0590
9.2400	0.3155	4.9083
9.2500	0.2929	4.9122
9.2600	0.2710	4.9453
9.2700	0.2499	5.1162
9.2800	0.2295	5.0056
9.2900	0.2098	5.0096
9.3000	0.1910	5.0892
9.3100	0.1729	5.4413
9.3200	0.1557	5.2735
9.3300	0.1393	5.0625
9.3400	0.1237	5.1940
9.3500	0.1090	5.2399
9.3600	0.0952	5.1228
9.3700	0.0822	4.9053
9.3800	0.0702	5.4013
9.3900	0.0591	4.9799
9.4000	0.0489	5.0820
9.4100	0.0397	5.0958
9.4200	0.0314	5.0886
9.4300	0.0241	4.8921
9.4400	0.0177	5.0370
9.4500	0.0123	5.0500
9.4600	0.0079	4.8509
9.4700	0.0044	4.9537
9.4800	0.0020	5.0041
9.4900	0.0005	4.8526
9.5000	0	4.7813
9.5100	0.0005	4.8498
9.5200	0.0020	4.9308
9.5300	0.0044	4.6789
9.5400	0.0079	4.7033
9.5500	0.0123	4.6636
9.5600	0.0177	4.9738
9.5700	0.0241	4.8336
9.5800	0.0314	4.8715
9.5900	0.0397	4.9114
9.6000	0.0489	4.5421
9.6100	0.0591	4.6274
9.6200	0.0702	4.7993
9.6300	0.0822	4.5903
9.6400	0.0952	4.9581
9.6500	0.1090	4.4965
9.6600	0.1237	4.2110
9.6700	0.1393	4.4688
9.6800	0.1557	4.9026
9.6900	0.1729	4.7103
9.7000	0.1910	4.3954
9.7100	0.2098	4.7708
9.7200	0.2295	4.4956
9.7300	0.2499	4.4811
9.7400	0.2710	4.3952
9.7500	0.2929	4.5271
9.7600	0.3155	4.2800
9.7700	0.3387	4.1672
9.7800	0.3626	4.2427
9.7900	0.3871	4.1196
9.8000	0.4122	4.2324
9.8100	0.4379	4.2818
9.8200	0.4642	4.0673
9.8300	0.4910	3.8405
9.8400	0.5182	4.5623
9.8500	0.5460	3.9794
9.8600	0.5742	3.9475
9.8700	0.6029	3.7845
9.8800	0.6319	4.2107
9.8900	0.6613	3.6339
9.9000	0.6910	4.0855
9.9100	0.7210	3.9769
9.9200	0.7513	4.0945
9.9300	0.7819	3.8512
9.9400	0.8126	3.9663
9.9500	0.8436	3.8740
9.9600	0.8747	3.8421
9.9700	0.9059	3.7266
9.9800	0.9372	3.7558
9.9900	0.9686	3.5306
10.0000	1.0000	3.8016
10.0100	1.0314	3.5897
10.0200	1.0628	3.5653
10.0300	1.0941	3.5761
10.0400	1.1253	3.6941
10.0500	1.1564	3.7310
10.0600	1.1874	3.5745
10.0700	1.2181	3.6185
10.0800	1.2487	3.5035
10.0900	1.2790	3.5161
10.1000	1.3090	3.5795
10.1100	1.3387	3.2863
10.1200	1.3681	3.5020
10.1300	1.3971	3.5082
10.1400	1.4258	3.8712
10.1500	1.4540	3.4983
10.1600	1.4818	3.4746
10.1700	1.5090	3.3910
10.1800	1.5358	3.3372
10.1900	1.5621	3.3651
10.2000	1.5878	3.4189
10.2100	1.6129	3.2176
10.2200	1.6374	3.1858
10.2300	1.6613	3.0679
10.2400	1.6845	3.5680
10.2500	1.7071	3.3518
10.2600	1.7290	3.3221
10.2700	1.7501	3.6474
10.2800	1.7705	3.5289
10.2900	1.7902	3.3420
10.3000	1.8090	3.4800
10.3100	1.8271	3.4276
10.3200	1.8443	3.4941
10.3300	1.8607	3.3889
10.3400	1.8763	3.3100
10.3500	1.8910	3.4322
10.3600	1.9048	3.5531
10.3700	1.9178	3.6728
10.3800	1.9298	3.4229
10.3900	1.9409	3.4955
10.4000	1.9511	3.3864
10.4100	1.9603	3.2763
10.4200	1.9686	3.5454
10.4300	1.9759	3.3591
10.4400	1.9823	3.5240
10.4500	1.9877	3.7200
10.4600	1.9921	3.5187
10.4700	1.9956	3.5679
10.4800	1.9980	3.5652
10.4900	1.9995	3.5670
10.5000	2.0000	3.5319
10.5100	1.9995	3.8129
10.5200	1.9980	3.5298
10.5300	1.9956	3.5956
10.5400	1.9921	3.6345
10.5500	1.9877	3.7141
10.5600	1.9823	3.9087
10.5700	1.9759	3.8921
10.5800	1.9686	3.5442
10.5900	1.9603	3.5852
10.6000	1.9511	3.7673
10.6100	1.9409	3.6652
10.6200	1.9298	3.7889
10.6300	1.9178	3.7577
10.6400	1.9048	3.9495
10.6500	1.8910	3.6904
10.6600	1.8763	3.7847
10.6700	1.8607	3.8567
10.6800	1.8443	3.7799
10.6900	1.8271	3.9805
10.7000	1.8090	4.0594
10.7100	1.7902	3.8927
10.7200	1.7705	3.7927
10.7300	1.7501	4.0922
10.7400	1.7290	4.2146
10.7500	1.7071	4.0671
10.7600	1.6845	4.2794
10.7700	1.6613	4.1446
10.7800	1.6374	4.2864
10.7900	1.6129	4.3587
10.8000	1.5878	4.0667
10.8100	1.5621	4.5335
10.8200	1.5358	4.3588
10.8300	1.5090	4.4831
10.8400	1.4818	4.3825
10.8500	1.4540	4.4449
10.8600	1.4258	4.2909
10.8700	1.3971	4.6162
10.8800	1.3681	4.4895
10.8900	1.3387	4.5133
10.9000	1.3090	4.5242
10.9100	1.2790	4.3193
10.9200	1.2487	4.7682
10.9300	1.2181	4.5905
10.9400	1.1874	4.8647
10.9500	1.1564	4.6460
10.9600	1.1253	4.7868
10.9700	1.0941	4.8760
10.9800	1.0628	4.6052
10.9900	1.0314	4.6031
11.0000	1.0000	4.6625
11.0100	0.9686	4.8047
11.0200	0.9372	5.0673
11.0300	0.9059	4.7914
11.0400	0.8747	4.7450
11.0500	0.8436	5.0896
11.0600	0.8126	4.7233
11.0700	0.7819	5.0919
11.0800	0.7513	5.0152
11.0900	0.7210	5.0736
11.1000	0.6910	4.7180
11.1100	0.6613	5.0110
11.1200	0.6319	4.8946
11.1300	0.6029	5.0883
11.1400	0.5742	5.2868
11.1500	0.5460	5.0275
11.1600	0.5182	5.1427
11.1700	0.4910	4.7940
11.1800	0.4642	4.9276
11.1900	0.4379	5.2088
11.2000	0.4122	4.8698
11.2100	0.3871	5.1195
11.2200	0.3626	5.0977
11.2300	0.3387	5.0466
11.2400	0.3155	4.9134
11.2500	0.2929	5.2758
11.2600	0.2710	4.8018
11.2700	0.2499	5.3483
11.2800	0.2295	5.1575
11.2900	0.2098	4.8647
11.3000	0.1910	5.1301
11.3100	0.1729	5.2204
11.3200	0.1557	5.0931
11.3300	0.1393	5.0991
11.3400	0.1237	4.9016
11.3500	0.1090	5.0986
11.3600	0.0952	5.0546
11.3700	0.0822	4.8117
11.3800	0.0702	5.3039
11.3900	0.0591	5.2552
11.4000	0.0489	4.9800
11.4100	0.0397	5.0691
11.4200	0.0314	4.8930
11.4300	0.0241	5.1664
11.4400	0.0177	5.2037
11.4500	0.0123	5.0761
11.4600	0.0079	4.9396
11.4700	0.0044	5.1037
11.4800	0.0020	4.9110
11.4900	0.0005	5.1313
11.5000	0	5.0170
11.5100	0.0005	4.9564
11.5200	0.0020	4.9507
11.5300	0.0044	4.5468
11.5400	0.0079	4.9169
11.5500	0.0123	4.7532
11.5600	0.0177	4.8150
11.5700	0.0241	4.6896
11.5800	0.0314	5.0897
11.5900	0.0397	4.6186
11.6000	0.0489	4.6681
11.6100	0.0591	4.6566
11.6200	0.0702	4.5081
11.6300	0.0822	4.7230
11.6400	0.0952	4.8144
11.6500	0.1090	4.7586
11.6600	0.1237	4.6972
11.6700	0.1393	4.3279
11.6800	0.1557	4.6109
11.6900	0.1729	4.4039
11.7000	0.1910	4.6087
11.7100	0.2098	4.2246
11.7200	0.2295	4.6373
11.7300	0.2499	4.4697
11.7400	0.2710	4.2530
11.7500	0.2929	4.3655
11.7600	0.3155	4.2763
11.7700	0.3387	4.1991
11.7800	0.3626	3.8937
11.7900	0.3871	4.1720
11.8000	0.4122	4.2570
11.8100	0.4379	4.2212
11.8200	0.4642	4.2232
11.8300	0.4910	4.2739
11.8400	0.5182	4.2323
11.8500	0.5460	4.2086
11.8600	0.5742	4.1310
11.8700	0.6029	4.0785
11.8800	0.6319	3.8792
11.8900	0.6613	4.0041
11.9000	0.6910	4.1340
11.9100	0.7210	3.7997
11.9200	0.7513	3.9750
11.9300	0.7819	3.7671
11.9400	0.8126	4.1005
11.9500	0.8436	3.7085
11.9600	0.8747	3.9372
11.9700	0.9059	3.8780
11.9800	0.9372	3.9606
11.9900	0.9686	3.5733
12.0000	1.0000	3.6806
12.0100	1.0314	3.5803
12.0200	1.0628	3.4150
12.0300	1.0941	3.6990
12.0400	1.1253	3.7576
12.0500	1.1564	3.6457
12.0600	1.1874	3.3991
12.0700	1.2181	3.4210
12.0800	1.2487	3.6224
12.0900	1.2790	3.4527
12.1000	1.3090	3.6302
12.1100	1.3387	3.3228
12.1200	1.3681	3.6054
12.1300	1.3971	3.4304
12.1400	1.4258	3.6228
12.1500	1.4540	3.3201
12.1600	1.4818	3.2233
12.1700	1.5090	3.5728
12.1800	1.5358	3.3871
12.1900	1.5621	3.4240
12.2000	1.5878	3.4412
12.2100	1.6129	3.4554
12.2200	1.6374	3.4171
12.2300	1.6613	3.2971
12.2400	1.6845	3.3216
12.2500	1.7071	3.2069
12.2600	1.7290	3.5634
12.2700	1.7501	3.7034
12.2800	1.7705	3.3959
12.2900	1.7902	3.5053
12.3000	1.8090	3.4338
12.3100	1.8271	3.1405
12.3200	1.8443	3.2742
12.3300	1.8607	3.3592
12.3400	1.8763	3.4327
12.3500	1.8910	3.5049
12.3600	1.9048	3.4181
12.3700	1.9178	3.2398
12.3800	1.9298	3.3250
12.3900	1.9409	3.5778
12.4000	1.9511	3.5185
12.4100	1.9603	3.6039
12.4200	1.9686	3.8131
12.4300	1.9759	3.5717
12.4400	1.9823	3.3578
12.4500	1.9877	3.3841
12.4600	1.9921	3.3981
12.4700	1.9956	3.5880
12.4800	1.9980	3.5939
12.4900	1.9995	3.5080
12.5000	2.0000	3.7389
12.5100	1.9995	3.8695
12.5200	1.9980	3.7599
12.5300	1.9956	3.7122
12.5400	1.9921	3.7275
12.5500	1.9877	3.7649
12.5600	1.9823	3.6823
12.5700	1.9759	3.9267
12.5800	1.9686	3.7660
12.5900	1.9603	3.6796
12.6000	1.9511	3.9656
12.6100	1.9409	3.9129
12.6200	1.9298	3.8896
12.6300	1.9178	4.1190
12.6400	1.9048	3.7904
12.6500	1.8910	3.8521
12.6600	1.8763	4.1946
12.6700	1.8607	4.0293
12.6800	1.8443	3.9240
12.6900	1.8271	4.1060
12.7000	1.8090	4.0135
12.7100	1.7902	4.1458
12.7200	1.7705	4.1174
12.7300	1.7501	4.2088
12.7400	1.7290	4.1438
12.7500	1.7071	4.2879
12.7600	1.6845	4.2150
12.7700	1.6613	4.1292
12.7800	1.6374	4.3634
12.7900	1.6129	4.1831
12.8000	1.5878	4.2414
12.8100	1.5621	4.2975
12.8200	1.5358	4.3728
12.8300	1.5090	4.4651
12.8400	1.4818	4.5532
12.8500	1.4540	4.4341
12.8600	1.4258	4.5405
12.8700	1.3971	4.5699
12.8800	1.3681	4.3939
12.8900	1.3387	4.4038
12.9000	1.3090	4.4072
12.9100	1.2790	4.5365
12.9200	1.2487	4.3976
12.9300	1.2181	4.5358
12.9400	1.1874	4.4147
12.9500	1.1564	4.7717
12.9600	1.1253	4.5980
12.9700	1.0941	4.5893
12.9800	1.0628	4.7479
12.9900	1.0314	4.6961
13.0000	1.0000	4.6053
13.0100	0.9686	4.7531
13.0200	0.9372	4.7444
13.0300	0.9059	4.8746
13.0400	0.8747	5.1484
13.0500	0.8436	5.0261
13.0600	0.8126	5.0228
13.0700	0.7819	5.0454
13.0800	0.7513	4.8146
13.0900	0.7210	5.0184
13.1000	0.6910	4.9655
13.1100	0.6613	4.5902
13.1200	0.6319	5.0292
13.1300	0.6029	5.0767
13.1400	0.5742	4.9987
13.1500	0.5460	5.2113
13.1600	0.5182	5.1294
13.1700	0.4910	5.1486
13.1800	0.4642	4.8051
13.1900	0.4379	4.9569
13.2000	0.4122	4.8424
13.2100	0.3871	4.6377
13.2200	0.3626	5.0743
13.2300	0.3387	4.9116
13.2400	0.3155	4.8640
13.2500	0.2929	5.0325
13.2600	0.2710	5.0002
13.2700	0.2499	5.2204
13.2800	0.2295	5.0239
13.2900	0.2098	4.9338
13.3000	0.1910	5.3139
13.3100	0.1729	5.1327
13.3200	0.1557	5.2726
13.3300	0.1393	5.0673
13.3400	0.1237	5.1079
13.3500	0.1090	4.9467
13.3600	0.0952	4.7978
13.3700	0.0822	5.1601
13.3800	0.0702	4.8788
13.3900	0.0591	5.1709
13.4000	0.0489	5.1643
13.4100	0.0397	4.9582
13.4200	0.0314	5.0069
13.4300	0.0241	4.9525
13.4400	0.0177	5.1623
13.4500	0.0123	4.9951
13.4600	0.0079	4.8489
13.4700	0.0044	4.8816
13.4800	0.0020	4.7315
13.4900	0.0005	4.8934
13.5000	0	4.8501
13.5100	0.0005	4.7963
13.5200	0.0020	4.8765
13.5300	0.0044	4.7464
13.5400	0.0079	4.8772
13.5500	0.0123	4.8838
13.5600	0.0177	5.1213
13.5700	0.0241	4.8537
13.5800	0.0314	4.6996
13.5900	0.0397	4.6199
13.6000	0.0489	4.6106
13.6100	0.0591	4.8934
13.6200	0.0702	4.6183
13.6300	0.0822	4.6675
13.6400	0.0952	4.6805
13.6500	0.1090	4.7867
13.6600	0.1237	4.5384
13.6700	0.1393	4.4565
13.6800	0.1557	4.4201
13.6900	0.1729	4.3954
13.7000	0.1910	4.7721
13.7100	0.2098	4.3628
13.7200	0.2295	4.3207
13.7300	0.2499	4.4808
13.7400	0.2710	4.0857
13.7500	0.2929	4.3984
13.7600	0.3155	4.3982
13.7700	0.3387	4.1824
13.7800	0.3626	4.5427
13.7900	0.3871	4.1764
13.8000	0.4122	4.2259
13.8100	0.4379	4.0320
13.8200	0.4642	4.2318
13.8300	0.4910	4.0803
13.8400	0.5182	4.0998
13.8500	0.5460	4.1564
13.8600	0.5742	3.8147
13.8700	0.6029	4.0561
13.8800	0.6319	4.1431
13.8900	0.6613	4.1590
13.9000	0.6910	3.9331
13.9100	0.7210	3.7256
13.9200	0.7513	3.9768
13.9300	0.7819	3.9039
13.9400	0.8126	3.8741
13.9500	0.8436	3.7648
13.9600	0.8747	3.6260
13.9700	0.9059	3.7722
13.9800	0.9372	3.5321
13.9900	0.9686	3.7045
14.0000	1.0000	3.7263
14.0100	1.0314	3.6931
14.0200	1.0628	3.5461
14.0300	1.0941	3.6777
14.0400	1.1253	3.6427
14.0500	1.1564	3.5888
14.0600	1.1874	3.2642
14.0700	1.2181	3.6131
14.0800	1.2487	3.8539
14.0900	1.2790	3.3888
14.1000	1.3090	3.5008
14.1100	1.3387	3.3515
14.1200	1.3681	3.7018
14.1300	1.3971	3.4988
14.1400	1.4258	3.4163
14.1500	1.4540	3.5876
14.1600	1.4818	3.3399
14.1700	1.5090	3.4178
14.1800	1.5358	3.4208
14.1900	1.5621	3.6027
14.2000	1.5878	3.4062
14.2100	1.6129	3.4309
14.2200	1.6374	3.4867
14.2300	1.6613	3.6900
14.2400	1.6845	3.3021
14.2500	1.7071	3.5129
14.2600	1.7290	3.1737
14.2700	1.7501	3.5098
14.2800	1.7705	3.2756
14.2900	1.7902	3.4315
14.3000	1.8090	3.5600
14.3100	1.8271	3.5386
14.3200	1.8443	3.4213
14.3300	1.8607	3.4794
14.3400	1.8763	3.3729
14.3500	1.8910	3.7002
14.3600	1.9048	3.4864
14.3700	1.9178	3.3804
14.3800	1.9298	3.4905
14.3900	1.9409	3.5226
14.4000	1.9511	3.5722
14.4100	1.9603	3.5000
14.4200	1.9686	3.5538
14.4300	1.9759	3.5956
14.4400	1.9823	3.4066
14.4500	1.9877	3.4560
14.4600	1.9921	3.7112
14.4700	1.9956	3.5483
14.4800	1.9980	3.6687
14.4900	1.9995	3.2938
14.5000	2.0000	3.7732
14.5100	1.9995	3.4278
14.5200	1.9980	3.5531
14.5300	1.9956	3.8528
14.5400	1.9921	3.7244
14.5500	1.9877	3.7806
14.5600	1.9823	3.6851
14.5700	1.9759	3.8590
14.5800	1.9686	3.7871
14.5900	1.9603	3.8821
14.6000	1.9511	3.5661
14.6100	1.9409	3.5578
14.6200	1.9298	3.8969
14.6300	1.9178	3.6030
14.6400	1.9048	3.7762
14.6500	1.8910	3.7204
14.6600	1.8763	4.0254
14.6700	1.8607	3.9377
14.6800	1.8443	4.0533
14.6900	1.8271	4.0080
14.7000	1.8090	4.0709
14.7100	1.7902	3.9937
14.7200	1.7705	4.0451
14.7300	1.7501	4.1801
14.7400	1.7290	4.2467
14.7500	1.7071	4.0531
14.7600	1.6845	4.1359
14.7700	1.6613	4.3807
14.7800	1.6374	4.2666
14.7900	1.6129	4.3964
14.8000	1.5878	4.3845
14.8100	1.5621	3.9971
14.8200	1.5358	4.1578
14.8300	1.5090	4.4158
14.8400	1.4818	4.5038
14.8500	1.4540	4.3721
14.8600	1.4258	4.3253
14.8700	1.3971	4.5260
14.8800	1.3681	4.6492
14.8900	1.3387	4.5436
14.9000	1.3090	4.2209
14.9100	1.2790	4.5999
14.9200	1.2487	4.5349
14.9300	1.2181	4.9266
14.9400	1.1874	4.5453
14.9500	1.1564	4.6119
14.9600	1.1253	4.6156
14.9700	1.0941	4.6869
14.9800	1.0628	4.8771
14.9900	1.0314	4.7078
15.0000	1.0000	4.8518
15.0100	0.9686	5.0357
15.0200	0.9372	4.8798
15.0300	0.9059	5.0912
15.0400	0.8747	4.7490
15.0500	0.8436	4.7854
15.0600	0.8126	4.9096
15.0700	0.7819	4.9209
15.0800	0.7513	4.7942
15.0900	0.7210	4.8526
15.1000	0.6910	5.3445
15.1100	0.6613	5.0731
15.1200	0.6319	4.9016
15.1300	0.6029	4.7646
15.1400	0.5742	4.9664
15.1500	0.5460	5.0853
15.1600	0.5182	4.7335
15.1700	0.4910	5.1493
15.1800	0.4642	5.2789
15.1900	0.4379	4.9967
15.2000	0.4122	5.2360
15.2100	0.3871	5.0671
15.2200	0.3626	5.0628
15.2300	0.3387	4.8501
15.2400	0.3155	4.9646
15.2500	0.2929	5.1331
15.2600	0.2710	5.2317
15.2700	0.2499	5.0711
15.2800	0.2295	5.3097
15.2900	0.2098	5.1043
15.3000	0.1910	5.1579
15.3100	0.1729	4.8506
15.3200	0.1557	4.9186
15.3300	0.1393	5.1626
15.3400	0.1237	5.1586
15.3500	0.1090	5.1722
15.3600	0.0952	5.0586
15.3700	0.0822	4.9043
15.3800	0.0702	5.1387
15.3900	0.0591	5.0367
15.4000	0.0489	5.0871
15.4100	0.0397	5.2066
15.4200	0.0314	4.9998
15.4300	0.0241	5.0826
15.4400	0.0177	4.8724
15.4500	0.0123	4.8855
15.4600	0.0079	5.2709
15.4700	0.0044	4.5926
15.4800	0.0020	4.8062
15.4900	0.0005	4.9346
15.5000	0	4.9902
15.5100	0.0005	4.9300
15.5200	0.0020	4.6147
15.5300	0.0044	5.2756
15.5400	0.0079	4.7470
15.5500	0.0123	5.0398
15.5600	0.0177	4.7787
15.5700	0.0241	4.9506
15.5800	0.0314	4.4647
15.5900	0.0397	4.6117
15.6000	0.0489	4.4502
15.6100	0.0591	4.7044
15.6200	0.0702	4.4860
15.6300	0.0822	4.5974
15.6400	0.0952	4.4630
15.6500	0.1090	4.7108
15.6600	0.1237	4.7640
15.6700	0.1393	4.4937
15.6800	0.1557	4.4426
15.6900	0.1729	4.6580
15.7000	0.1910	4.5513
15.7100	0.2098	4.5009
15.7200	0.2295	4.6739
15.7300	0.2499	4.4688
15.7400	0.2710	4.4562
15.7500	0.2929	4.2095
15.7600	0.3155	4.5760
15.7700	0.3387	4.3720
15.7800	0.3626	4.2403
15.7900	0.3871	4.0496
15.8000	0.4122	3.9152
15.8100	0.4379	4.4115
15.8200	0.4642	4.2909
15.8300	0.4910	4.1806
15.8400	0.5182	4.0672
15.8500	0.5460	4.1635
15.8600	0.5742	4.0333
15.8700	0.6029	4.2420
15.8800	0.6319	4.0217
15.8900	0.6613	3.8494
15.9000	0.6910	4.0618
15.9100	0.7210	3.9367
15.9200	0.7513	3.7616
15.9300	0.7819	3.7406
15.9400	0.8126	3.8712
15.9500	0.8436	4.0637
15.9600	0.8747	3.8928
15.9700	0.9059	3.7944
15.9800	0.9372	3.8227
15.9900	0.9686	3.9262
16.0000	1.0000	3.6201
16.0100	1.0314	3.9638
16.0200	1.0628	3.6962
16.0300	1.0941	3.6057
16.0400	1.1253	3.5586
16.0500	1.1564	3.6437
16.0600	1.1874	3.6247
16.0700	1.2181	3.7532
16.0800	1.2487	3.6050
16.0900	1.2790	3.4630
16.1000	1.3090	3.5262
16.1100	1.3387	3.4502
16.1200	1.3681	3.5752
16.1300	1.3971	3.4836
16.1400	1.4258	3.3251
16.1500	1.4540	3.5586
16.1600	1.4818	3.4442
16.1700	1.5090	3.3402
16.1800	1.5358	3.6897
16.1900	1.5621	3.3898
16.2000	1.5878	3.5758
16.2100	1.6129	3.3863
16.2200	1.6374	3.6893
16.2300	1.6613	3.6991
16.2400	1.6845	3.5396
16.2500	1.7071	3.3532
16.2600	1.7290	3.3884
16.2700	1.7501	3.2812
16.2800	1.7705	3.3977
16.2900	1.7902	3.4066
16.3000	1.8090	3.3486
16.3100	1.8271	3.3851
16.3200	1.8443	3.6527
16.3300	1.8607	3.3477
16.3400	1.8763	3.1225
16.3500	1.8910	3.4216
16.3600	1.9048	3.4966
16.3700	1.9178	3.4720
16.3800	1.9298	3.6108
16.3900	1.9409	3.3453
16.4000	1.9511	3.5930
16.4100	1.9603	3.5078
16.4200	1.9686	3.3162
16.4300	1.9759	3.4399
16.4400	1.9823	3.5963
16.4500	1.9877	3.7201
16.4600	1.9921	3.4522
16.4700	1.9956	3.6198
16.4800	1.9980	3.5954
16.4900	1.9995	3.6538
16.5000	2.0000	3.4425
16.5100	1.9995	3.8277
16.5200	1.9980	3.7631
16.5300	1.9956	3.6834
16.5400	1.9921	3.4071
16.5500	1.9877	3.5107
16.5600	1.9823	3.5678
16.5700	1.9759	3.5401
16.5800	1.9686	3.7748
16.5900	1.9603	3.9670
16.6000	1.9511	3.7537
16.6100	1.9409	4.0110
16.6200	1.9298	4.0275
16.6300	1.9178	3.8570
16.6400	1.9048	3.9011
16.6500	1.8910	3.8954
16.6600	1.8763	3.7836
16.6700	1.8607	3.7121
16.6800	1.8443	4.1680
16.6900	1.8271	3.9430
16.7000	1.8090	3.8557
16.7100	1.7902	4.0230
16.7200	1.7705	4.0904
16.7300	1.7501	4.0862
16.7400	1.7290	4.0890
16.7500	1.7071	4.1390
16.7600	1.6845	4.1869
16.7700	1.6613	4.4740
16.7800	1.6374	4.4489
16.7900	1.6129	4.0701
16.8000	1.5878	4.2097
16.8100	1.5621	4.3923
16.8200	1.5358	4.3725
16.8300	1.5090	4.5720
16.8400	1.4818	4.3792
16.8500	1.4540	4.3640
16.8600	1.4258	4.5701
16.8700	1.3971	4.6153
16.8800	1.3681	4.5511
16.8900	1.3387	4.5760
16.9000	1.3090	4.4159
16.9100	1.2790	4.5996
16.9200	1.2487	4.5676
16.9300	1.2181	4.6619
16.9400	1.1874	4.7418
16.9500	1.1564	4.5997
16.9600	1.1253	4.8016
16.9700	1.0941	4.6443
16.9800	1.0628	4.6604
16.9900	1.0314	4.7340
17.0000	1.0000	4.9890
17.0100	0.9686	5.0100
17.0200	0.9372	4.8234
17.0300	0.9059	5.0993
17.0400	0.8747	4.7680
17.0500	0.8436	4.9906
17.0600	0.8126	4.7378
17.0700	0.7819	4.8547
17.0800	0.7513	4.9291
17.0900	0.7210	4.8144
17.1000	0.6910	4.9703
17.1100	0.6613	5.0844
17.1200	0.6319	4.6821
17.1300	0.6029	4.9218
17.1400	0.5742	5.0480
17.1500	0.5460	5.0345
17.1600	0.5182	4.9856
17.1700	0.4910	5.1502
17.1800	0.4642	4.7611
17.1900	0.4379	5.0212
17.2000	0.4122	5.0069
17.2100	0.3871	5.1230
17.2200	0.3626	4.8575
17.2300	0.3387	4.7985
17.2400	0.3155	4.9371
17.2500	0.2929	5.2785
17.2600	0.2710	5.3737
17.2700	0.2499	5.2396
17.2800	0.2295	5.0034
17.2900	0.2098	5.0641
17.3000	0.1910	4.9965
17.3100	0.1729	5.0090
17.3200	0.1557	5.0045
17.3300	0.1393	5.1996
17.3400	0.1237	5.3522
17.3500	0.1090	5.1137
17.3600	0.0952	5.0385
17.3700	0.0822	5.0728
17.3800	0.0702	4.8255
17.3900	0.0591	5.2744
17.4000	0.0489	4.7614
17.4100	0.0397	5.0250
17.4200	0.0314	5.0831
17.4300	0.0241	4.9706
17.4400	0.0177	4.8470
17.4500	0.0123	5.1185
17.4600	0.0079	4.5421
17.4700	0.0044	4.8179
17.4800	0.0020	5.0575
17.4900	0.0005	4.9863
17.5000	0	4.9397
17.5100	0.0005	5.2465
17.5200	0.0020	5.1683
17.5300	0.0044	4.8267
17.5400	0.0079	4.8193
17.5500	0.0123	4.7630
17.5600	0.0177	4.9380
17.5700	0.0241	4.9120
17.5800	0.0314	4.7954
17.5900	0.0397	5.0086
17.6000	0.0489	4.6112
17.6100	0.0591	4.8567
17.6200	0.0702	4.5579
17.6300	0.0822	4.8516
17.6400	0.0952	4.6031
17.6500	0.1090	4.4866
17.6600	0.1237	4.3175
17.6700	0.1393	4.5901
17.6800	0.1557	4.7220
17.6900	0.1729	4.4174
17.7000	0.1910	4.5453
17.7100	0.2098	4.5957
17.7200	0.2295	4.3831
17.7300	0.2499	4.2006
17.7400	0.2710	4.6463
17.7500	0.2929	4.4841
17.7600	0.3155	4.2712
17.7700	0.3387	4.2524
17.7800	0.3626	4.2165
17.7900	0.3871	4.1712
17.8000	0.4122	4.1583
17.8100	0.4379	4.2330
17.8200	0.4642	4.1185
17.8300	0.4910	4.1188
17.8400	0.5182	4.2859
17.8500	0.5460	4.1423
17.8600	0.5742	4.0664
17.8700	0.6029	4.0706
17.8800	0.6319	4.0802
17.8900	0.6613	3.8693
17.9000	0.6910	4.0893
17.9100	0.7210	4.0472
17.9200	0.7513	3.7795
17.9300	0.7819	3.9480
17.9400	0.8126	3.9177
17.9500	0.8436	3.9505
17.9600	0.8747	3.8646
17.9700	0.9059	3.6786
17.9800	0.9372	3.8322
17.9900	0.9686	3.7541
18.0000	1.0000	3.7870
18.0100	1.0314	3.5807
18.0200	1.0628	3.7484
18.0300	1.0941	3.5394
18.0400	1.1253	3.5551
18.0500	1.1564	3.8157
18.0600	1.1874	3.7143
18.0700	1.2181	3.5920
18.0800	1.2487	3.5735
18.0900	1.2790	3.5252
18.1000	1.3090	3.2995
18.1100	1.3387	3.3791
18.1200	1.3681	3.3804
18.1300	1.3971	3.3375
18.1400	1.4258	3.3368
18.1500	1.4540	3.5781
18.1600	1.4818	3.3303
18.1700	1.5090	3.5192
18.1800	1.5358	3.4744
18.1900	1.5621	3.1080
18.2000	1.5878	3.5301
18.2100	1.6129	3.5504
18.2200	1.6374	3.5700
18.2300	1.6613	3.4598
18.2400	1.6845	3.5263
18.2500	1.7071	3.4783
18.2600	1.7290	3.4123
18.2700	1.7501	3.5847
18.2800	1.7705	3.5009
18.2900	1.7902	3.4455
18.3000	1.8090	3.4821
18.3100	1.8271	3.1676
18.3200	1.8443	3.6793
18.3300	1.8607	3.3805
18.3400	1.8763	3.3841
18.3500	1.8910	3.7025
18.3600	1.9048	3.3355
18.3700	1.9178	3.5287
18.3800	1.9298	3.7419
18.3900	1.9409	3.3128
18.4000	1.9511	3.5167
18.4100	1.9603	3.5535
18.4200	1.9686	3.4336
18.4300	1.9759	3.5446
18.4400	1.9823	3.5469
18.4500	1.9877	3.4681
18.4600	1.9921	3.4710
18.4700	1.9956	3.4833
18.4800	1.9980	3.4330
18.4900	1.9995	3.3232
18.5000	2.0000	3.4741
18.5100	1.9995	3.6042
18.5200	1.9980	3.5814
18.5300	1.9956	3.7808
18.5400	1.9921	3.4477
18.5500	1.9877	3.4822
18.5600	1.9823	3.5058
18.5700	1.9759	3.7102
18.5800	1.9686	3.6736
18.5900	1.9603	3.6345
18.6000	1.9511	3.9993
18.6100	1.9409	3.6685
18.6200	1.9298	3.7689
18.6300	1.9178	3.9593
18.6400	1.9048	3.9817
18.6500	1.8910	3.7443
18.6600	1.8763	3.8400
18.6700	1.8607	4.1686
18.6800	1.8443	4.1396
18.6900	1.8271	3.7494
18.7000	1.8090	4.1845
18.7100	1.7902	4.0244
18.7200	1.7705	4.3198
18.7300	1.7501	4.0282
18.7400	1.7290	3.9788
18.7500	1.7071	4.1478
18.7600	1.6845	4.1410
18.7700	1.6613	4.2229
18.7800	1.6374	4.2005
18.7900	1.6129	4.2552
18.8000	1.5878	4.1896
18.8100	1.5621	4.5345
18.8200	1.5358	4.3210
18.8300	1.5090	4.4513
18.8400	1.4818	4.5344
18.8500	1.4540	4.3449
18.8600	1.4258	4.4444
18.8700	1.3971	4.6899
18.8800	1.3681	4.3661
18.8900	1.3387	4.5525
18.9000	1.3090	4.7405
18.9100	1.2790	4.4811
18.9200	1.2487	4.8431
18.9300	1.2181	4.6446
18.9400	1.1874	4.4194
18.9500	1.1564	4.6687
18.9600	1.1253	4.8093
18.9700	1.0941	4.8288
18.9800	1.0628	4.7971
18.9900	1.0314	4.8849
19.0000	1.0000	4.9185
19.0100	0.9686	4.9679
19.0200	0.9372	4.7826
19.0300	0.9059	5.0725
19.0400	0.8747	4.6928
19.0500	0.8436	4.8010
19.0600	0.8126	4.9533
19.0700	0.7819	5.0240
19.0800	0.7513	4.9209
19.0900	0.7210	4.6246
19.1000	0.6910	4.7965
19.1100	0.6613	5.0413
19.1200	0.6319	4.9318
19.1300	0.6029	5.2244
19.1400	0.5742	4.9234
19.1500	0.5460	5.1460
19.1600	0.5182	5.0936
19.1700	0.4910	5.1471
19.1800	0.4642	5.0338
19.1900	0.4379	5.0669
19.2000	0.4122	5.1108
19.2100	0.3871	5.1013
19.2200	0.3626	5.0446
19.2300	0.3387	4.9424
19.2400	0.3155	5.1688
19.2500	0.2929	4.8358
19.2600	0.2710	5.0905
19.2700	0.2499	5.0068
19.2800	0.2295	5.2042
19.2900	0.2098	5.2085
19.3000	0.1910	4.8540
19.3100	0.1729	5.1431
19.3200	0.1557	4.9291
19.3300	0.1393	5.2668
19.3400	0.1237	4.8087
19.3500	0.1090	4.9968
19.3600	0.0952	4.8885
19.3700	0.0822	4.9578
19.3800	0.0702	5.1087
19.3900	0.0591	5.1017
19.4000	0.0489	5.2764
19.4100	0.0397	5.1621
19.4200	0.0314	5.0805
19.4300	0.0241	5.0613
19.4400	0.0177	4.9913
19.4500	0.0123	4.8317
19.4600	0.0079	4.8847
19.4700	0.0044	4.8701
19.4800	0.0020	5.0520
19.4900	0.0005	4.9181
19.5000	0	4.7963
19.5100	0.0005	5.1464
19.5200	0.0020	5.0025
19.5300	0.0044	4.5559
19.5400	0.0079	4.5420
19.5500	0.0123	4.6512
19.5600	0.0177	4.7707
19.5700	0.0241	4.7379
19.5800	0.0314	4.5268
19.5900	0.0397	4.5876
19.6000	0.0489	4.7024
19.6100	0.0591	4.8143
19.6200	0.0702	4.9270
19.6300	0.0822	4.7563
19.6400	0.0952	4.6814
19.6500	0.1090	4.6449
19.6600	0.1237	4.7459
19.6700	0.1393	4.4797
19.6800	0.1557	4.4776
19.6900	0.1729	4.1607
19.7000	0.1910	4.4387
19.7100	0.2098	4.5727
19.7200	0.2295	4.3958
19.7300	0.2499	4.6290
19.7400	0.2710	4.1273
19.7500	0.2929	4.5141
19.7600	0.3155	4.2013
19.7700	0.3387	4.0724
19.7800	0.3626	4.4097
19.7900	0.3871	4.4463
19.8000	0.4122	4.3232
19.8100	0.4379	4.1004
19.8200	0.4642	4.0012
19.8300	0.4910	4.3218
19.8400	0.5182	4.1136
19.8500	0.5460	4.2480
19.8600	0.5742	4.0618
19.8700	0.6029	3.9702
19.8800	0.6319	3.9433
19.8900	0.6613	3.9918
19.9000	0.6910	3.8990
19.9100	0.7210	4.1533
19.9200	0.7513	4.1789
19.9300	0.7819	4.1268
19.9400	0.8126	3.9119
19.9500	0.8436	3.8335
19.9600	0.8747	3.7576
19.9700	0.9059	3.7483
19.9800	0.9372	3.8100
19.9900	0.9686	3.7102
20.0000	1.0000	3.6778